1731581495797 2.3015284538269043 0
1731581495977 2.1504857540130615 0
1731581496109 2.1939666271209717 0
1731581496265 2.240297794342041 0
1731581496431 2.361738920211792 0
1731581496585 2.1376092433929443 0
1731581496739 2.2430882453918457 0
1731581496878 2.169222831726074 0
1731581496977 2.2392618656158447 0
1731581497024 2.1853833198547363 0
1731581497177 2.16072940826416 0
1731581497261 2.1735641956329346 0
1731581497357 2.1370151042938232 0
1731581497491 2.219059467315674 0
1731581497667 2.141801357269287 0
1731581497912 2.2312569618225098 0
1731581498033 2.1767635345458984 0
1731581498154 2.193049192428589 0
1731581498271 2.225114583969116 0
1731581498390 2.1629209518432617 0
1731581498498 2.1863901615142822 0
1731581498593 2.1672685146331787 0
1731581498698 2.1385011672973633 0
1731581498883 2.147545099258423 0
1731581499020 2.1625003814697266 0
1731581499171 2.100830554962158 0
1731581499334 2.1386120319366455 0
1731581499491 2.1783926486968994 0
1731581499639 2.184570789337158 0
1731581499769 2.1607935428619385 0
1731581499845 2.19288969039917 0
1731581499929 2.178157329559326 0
1731581500030 2.146939754486084 0
1731581500193 2.207531690597534 0
1731581500300 2.1248414516448975 0
1731581500375 2.178821325302124 0
1731581500452 2.169578790664673 0
1731581500525 2.2245938777923584 0
1731581500688 2.1864259243011475 0
1731581500835 2.147038698196411 0
1731581500965 2.2321205139160156 0
1731581501077 2.1867854595184326 0
1731581501228 2.2157108783721924 0
1731581501325 2.2191410064697266 0
1731581501438 2.122891426086426 0
1731581501549 2.1934549808502197 0
1731581501647 2.203806161880493 0
1731581501782 2.1710541248321533 0
1731581501911 2.093947649002075 0
1731581501990 2.2184829711914062 0
1731581502083 2.1514577865600586 0
1731581502249 2.229871988296509 0
1731581502326 2.2099175453186035 0
1731581502425 2.116892099380493 0
1731581502521 2.1992924213409424 0
1731581502651 2.123819351196289 0
1731581502765 2.1626737117767334 0
1731581502896 2.1628847122192383 0
1731581502967 2.1554014682769775 0
1731581503034 2.139458179473877 0
1731581503098 2.084456205368042 0
1731581503209 2.1747043132781982 0
1731581503289 2.1536834239959717 0
1731581503359 2.084432363510132 0
1731581503429 2.1865968704223633 0
1731581503497 2.2024965286254883 0
1731581503568 2.1637749671936035 0
1731581503650 2.162097930908203 0
1731581503804 2.1535441875457764 0
1731581503869 2.185289144515991 0
1731581503930 2.1625494956970215 0
1731581503994 2.116272211074829 0
1731581504100 2.15385365486145 0
1731581504235 2.248793601989746 0
1731581504464 2.161546468734741 0
1731581504596 2.201578140258789 0
1731581504739 2.1631369590759277 0
1731581504843 2.1711509227752686 0
1731581504970 2.2718544006347656 0
1731581505117 2.2031452655792236 0
1731581505195 2.1548407077789307 0
1731581505270 2.154740333557129 0
1731581505380 2.22495436668396 0
1731581505573 2.1483826637268066 0
1731581505737 2.1621687412261963 0
1731581506015 2.2253549098968506 0
1731581506161 2.2177817821502686 0
1731581506317 2.2488889694213867 0
1731581506532 2.138319969177246 0
1731581506706 2.1866629123687744 0
1731581506909 2.137421131134033 0
1731581507080 2.162782669067383 0
1731581507266 2.1696691513061523 0
1731581507414 2.20939564704895 0
1731581507559 2.1382570266723633 0
1731581507715 2.224393606185913 0
1731581507892 2.2545864582061768 0
1731581507978 2.2192208766937256 0
1731581508112 2.190696954727173 0
1731581508186 2.209014654159546 0
1731581508309 2.1570115089416504 0
1731581508448 2.1298813819885254 0
1731581508610 2.1184639930725098 0
1731581508738 2.1850454807281494 0
1731581508926 2.146744728088379 0
1731581509034 2.154571294784546 0
1731581509112 2.200448751449585 0
1731581509226 2.130537748336792 0
1731581509365 2.115736484527588 0
1731581509442 2.155351161956787 0
1731581509596 2.1240484714508057 0
1731581509675 2.162000894546509 0
1731581509790 2.153337001800537 0
1731581509916 2.1490044593811035 0
1731581510056 2.1030476093292236 0
1731581510190 2.159381628036499 0
1731581510303 2.1666512489318848 0
1731581510430 2.1570372581481934 0
1731581510539 2.1675844192504883 0
1731581510617 2.1236419677734375 0
1731581510695 2.179320812225342 0
1731581510765 2.1087279319763184 0
1731581510849 2.155064582824707 0
1731581510927 2.1023917198181152 0
1731581510993 2.1385738849639893 0
1731581511051 2.06839656829834 0
1731581511125 2.0688517093658447 0
1731581511195 2.128687620162964 0
1731581511264 2.0687646865844727 0
1731581511332 2.016826868057251 0
1731581511401 2.0516016483306885 0
1731581511551 2.0011966228485107 0
1731581511679 1.9620130062103271 0
1731581511817 1.9760525226593018 0
1731581511925 1.8972268104553223 0
1731581512003 2.0439186096191406 0
1731581512074 2.083355665206909 0
1731581512141 1.933327555656433 0
1731581512219 1.8560293912887573 0
1731581512280 1.9234249591827393 0
1731581512348 1.8994182348251343 0
1731581512453 1.9048340320587158 0
1731581512555 1.8744102716445923 0
1731581512634 1.9503757953643799 0
1731581512725 1.9842991828918457 0
1731581512795 1.9270448684692383 0
1731581512866 1.9737117290496826 0
1731581512933 1.9798977375030518 0
1731581513007 1.912795066833496 0
1731581513079 1.8756093978881836 0
1731581513143 2.043067693710327 0
1731581513214 1.9371070861816406 0
1731581513292 1.8865500688552856 0
1731581513365 1.9373053312301636 0
1731581513441 1.974517583847046 0
1731581513510 1.926171064376831 0
1731581513587 1.9863240718841553 0
1731581513647 1.9450827836990356 0
1731581513716 1.8401051759719849 0
1731581513797 1.9346524477005005 0
1731581513916 1.8632264137268066 0
1731581514032 1.8992961645126343 0
1731581514100 1.9159226417541504 0
1731581514177 1.8988733291625977 0
1731581514317 1.834197759628296 0
1731581514432 1.93619966506958 0
1731581514583 1.9194879531860352 0
1731581514645 1.8390889167785645 0
1731581514711 1.9942456483840942 0
1731581514782 1.8517695665359497 0
1731581514840 1.9424302577972412 0
1731581514908 1.9246115684509277 0
1731581515033 1.9283612966537476 0
1731581515158 1.9115495681762695 0
1731581515306 1.8339062929153442 0
1731581515464 1.9140598773956299 0
1731581515600 1.9391014575958252 0
1731581515718 1.940070629119873 0
1731581515834 1.9634974002838135 0
1731581515938 1.96725594997406 0
1731581516053 1.90286123752594 0
1731581516168 1.9992318153381348 0
1731581516285 1.9340654611587524 0
1731581516352 1.8948636054992676 0
1731581516421 1.8812158107757568 0
1731581516484 1.9103257656097412 0
1731581516561 1.8931843042373657 0
1731581516635 1.9030593633651733 0
1731581516712 2.006791114807129 0
1731581516791 1.8851910829544067 0
1731581516862 1.9403358697891235 0
1731581516935 1.8679072856903076 0
1731581517014 1.879572868347168 0
1731581517083 1.8993009328842163 0
1731581517150 1.914676547050476 0
1731581517216 1.9761757850646973 0
1731581517290 1.889509677886963 0
1731581517370 1.9722330570220947 0
1731581517446 1.9120066165924072 0
1731581517596 1.9208354949951172 0
1731581517678 1.9276155233383179 0
1731581517758 1.940483570098877 0
1731581517822 1.9186198711395264 0
1731581517895 1.8973963260650635 0
1731581517973 1.903116226196289 0
1731581518050 1.9146374464035034 0
1731581518120 1.8814446926116943 0
1731581518186 1.9200084209442139 0
1731581518262 1.8768012523651123 0
1731581518334 1.8967233896255493 0
1731581518484 1.9548773765563965 0
1731581518570 1.8898210525512695 0
1731581518636 1.9950902462005615 0
1731581518704 1.8527698516845703 0
1731581518787 1.9799994230270386 0
1731581518857 1.9253580570220947 0
1731581518921 1.8856732845306396 0
1731581518996 1.994554877281189 0
1731581519094 1.894784927368164 0
1731581519238 1.917169451713562 0
1731581519309 1.9664908647537231 0
1731581519374 1.8130178451538086 0
1731581519444 1.8958306312561035 0
1731581519513 1.961721658706665 0
1731581519574 1.9294862747192383 0
1731581519645 1.9607815742492676 0
1731581519715 1.8843975067138672 0
1731581519805 1.9590489864349365 0
1731581519951 1.9193897247314453 0
1731581520055 1.9457182884216309 0
1731581520132 1.9020800590515137 0
1731581520201 1.8253494501113892 0
1731581520270 1.8802471160888672 0
1731581520343 1.9373362064361572 0
1731581520402 1.864048719406128 0
1731581520476 1.890795111656189 0
1731581520609 1.9075446128845215 0
1731581520754 1.9016772508621216 0
1731581520859 1.9643025398254395 0
1731581520981 1.8357771635055542 0
1731581521087 1.9273302555084229 0
1731581521207 1.801811933517456 0
1731581521381 1.9020264148712158 0
1731581521480 1.7646921873092651 0
1731581521603 1.82789945602417 0
1731581521744 1.7979726791381836 0
1731581521834 1.8073747158050537 0
1731581521971 1.7964394092559814 0
1731581522060 1.8530949354171753 0
1731581522217 1.9046008586883545 0
1731581522333 1.76333749294281 0
1731581522401 1.7380354404449463 0
1731581522536 1.7691067457199097 0
1731581522639 1.7234665155410767 0
1731581522746 1.7942527532577515 0
1731581522881 1.6886879205703735 0
1731581523015 1.7526233196258545 0
1731581523125 1.695692539215088 0
1731581523214 1.6852775812149048 0
1731581523363 1.744805932044983 0
1731581523488 1.7188769578933716 0
1731581523622 1.737015962600708 0
1731581523735 1.7326295375823975 0
1731581523845 1.6915379762649536 0
1731581523950 1.7539962530136108 0
1731581524096 1.7858941555023193 0
1731581524234 1.6888943910598755 0
1731581524302 1.659423589706421 0
1731581524505 1.6483755111694336 0
1731581524620 1.776336431503296 0
1731581524783 1.6486256122589111 0
1731581524932 1.6724317073822021 0
1731581525002 1.7114176750183105 0
1731581525075 1.7144651412963867 0
1731581525138 1.7489826679229736 0
1731581525207 1.7448291778564453 0
1731581525268 1.739498496055603 0
1731581525356 1.6376339197158813 0
1731581525523 1.675363540649414 0
1731581525629 1.7272520065307617 0
1731581525757 1.7032078504562378 0
1731581525836 1.742553949356079 0
1731581525910 1.6834683418273926 0
1731581525987 1.6975151300430298 0
1731581526060 1.6378679275512695 0
1731581526196 1.6758642196655273 0
1731581526295 1.7318063974380493 0
1731581526411 1.68922758102417 0
1731581526579 1.7754610776901245 0
1731581526727 1.6693059206008911 0
1731581526853 1.7048838138580322 0
1731581527049 1.7299652099609375 0
1731581527128 1.6451059579849243 0
1731581527245 1.7409886121749878 0
1731581527324 1.7782589197158813 0
1731581527386 1.6818453073501587 0
1731581527453 1.7081563472747803 0
1731581527522 1.707348346710205 0
1731581527595 1.7389267683029175 0
1731581527732 1.63652503490448 0
1731581527814 1.7115190029144287 0
1731581527894 1.7445001602172852 0
1731581528005 1.7255969047546387 0
1731581528201 1.7284170389175415 0
1731581528333 1.6849098205566406 0
1731581528421 1.7377663850784302 0
1731581528567 1.6658755540847778 0
1731581528656 1.7471436262130737 0
1731581528733 1.6785645484924316 0
1731581528830 1.689416527748108 0
1731581528900 1.6730989217758179 0
1731581528965 1.6928496360778809 0
1731581529036 1.7292945384979248 0
1731581529103 1.738148808479309 0
1731581529183 1.704100251197815 0
1731581529289 1.695544719696045 0
1731581529412 1.7056230306625366 0
1731581529482 1.6735315322875977 0
1731581529630 1.63290536403656 0
1731581529747 1.682559609413147 0
1731581529875 1.7113776206970215 0
1731581529941 1.6714237928390503 0
1731581530007 1.6827940940856934 0
1731581530082 1.7006289958953857 0
1731581530147 1.635501742362976 0
1731581530213 1.6818610429763794 0
1731581530276 1.5797466039657593 0
1731581530346 1.6192996501922607 0
1731581530409 1.6587393283843994 0
1731581530478 1.6825836896896362 0
1731581530562 1.6695685386657715 0
1731581530634 1.7164499759674072 0
1731581530696 1.6208808422088623 0
1731581530765 1.7142765522003174 0
1731581530925 1.6380176544189453 0
1731581531008 1.6755735874176025 0
1731581531090 1.760986328125 0
1731581531157 1.7496286630630493 0
1731581531227 1.6605075597763062 0
1731581531295 1.7085877656936646 0
1731581531371 1.6822010278701782 0
1731581531439 1.6774852275848389 0
1731581531516 1.633309245109558 0
1731581531598 1.6848775148391724 0
1731581531710 1.674769639968872 0
1731581531888 1.676574945449829 0
1731581532016 1.685072422027588 0
1731581532161 1.6641550064086914 0
1731581532319 1.6423009634017944 0
1731581532454 1.7200804948806763 0
1731581532561 1.7027274370193481 0
1731581532666 1.7077431678771973 0
1731581532795 1.7021260261535645 0
1731581532892 1.6865005493164062 0
1731581533011 1.6812654733657837 0
1731581533095 1.680718183517456 0
1731581533251 1.6835123300552368 0
1731581533374 1.7042440176010132 0
1731581533469 1.6283669471740723 0
1731581533573 1.7290674448013306 0
1731581533733 1.704635739326477 0
1731581533838 1.6303642988204956 0
1731581534016 1.6889057159423828 0
1731581534141 1.6792373657226562 0
1731581534243 1.7156181335449219 0
1731581534343 1.6560521125793457 0
1731581534499 1.7243432998657227 0
1731581534588 1.6826539039611816 0
1731581534690 1.7086400985717773 0
1731581534811 1.6571362018585205 0
1731581534924 1.696505069732666 0
1731581535044 1.6904611587524414 0
1731581535194 1.677546501159668 0
1731581535304 1.7042564153671265 0
1731581535487 1.7591240406036377 0
1731581535616 1.632370114326477 0
1731581535746 1.678553581237793 0
1731581535821 1.725400686264038 0
1731581535889 1.6174556016921997 0
1731581535964 1.634116530418396 0
1731581536049 1.665816068649292 0
1731581536173 1.6967182159423828 0
1731581536251 1.6767187118530273 0
1731581536383 1.6854050159454346 0
1731581536504 1.7256548404693604 0
1731581536567 1.7065199613571167 0
1731581536632 1.6400768756866455 0
1731581536703 1.7148079872131348 0
1731581536807 1.7236202955245972 0
1731581536881 1.6671557426452637 0
1731581536948 1.6931722164154053 0
1731581537030 1.6556838750839233 0
1731581537151 1.6576220989227295 0
1731581537226 1.5978120565414429 0
1731581537290 1.7260751724243164 0
1731581537420 1.7218388319015503 0
1731581537574 1.6820809841156006 0
1731581537681 1.718080997467041 0
1731581537804 1.6486719846725464 0
1731581537955 1.6681290864944458 0
1731581538123 1.722337245941162 0
1731581538265 1.70697820186615 0
1731581538332 1.7399858236312866 0
1731581538396 1.6251757144927979 0
1731581538538 1.631746530532837 0
1731581538608 1.7645587921142578 0
1731581538737 1.6134181022644043 0
1731581538818 1.7182753086090088 0
1731581538887 1.7196574211120605 0
1731581538959 1.673980712890625 0
1731581539021 1.7407193183898926 0
1731581539085 1.6806397438049316 0
1731581539155 1.7128651142120361 0
1731581539224 1.7334904670715332 0
1731581539305 1.6150578260421753 0
1731581539370 1.6372227668762207 0
1731581539446 1.6727083921432495 0
1731581539587 1.732109785079956 0
1731581539756 1.7483563423156738 0
1731581539841 1.6778229475021362 0
1731581539902 1.6665306091308594 0
1731581540056 1.645749807357788 0
1731581540258 1.6865715980529785 0
1731581540400 1.6767466068267822 0
1731581540539 1.6313576698303223 0
1731581540672 1.703305959701538 0
1731581540816 1.7035818099975586 0
1731581540956 1.654977798461914 0
1731581541020 1.6390784978866577 0
1731581541093 1.7461522817611694 0
1731581541224 1.7507363557815552 0
1731581541365 1.7102468013763428 0
1731581541496 1.7734280824661255 0
1731581541592 1.677860975265503 0
1731581541720 1.6957281827926636 0
1731581541817 1.7176518440246582 0
1731581541893 1.6948086023330688 0
1731581541973 1.706119179725647 0
1731581542047 1.6671911478042603 0
1731581542116 1.6835287809371948 0
1731581542205 1.697595477104187 0
1731581542308 1.7153970003128052 0
1731581542433 1.7000045776367188 0
1731581542538 1.6302974224090576 0
1731581542672 1.6894731521606445 0
1731581542780 1.667775273323059 0
1731581542920 1.7051247358322144 0
1731581543002 1.6218454837799072 0
1731581543150 1.6810169219970703 0
1731581543263 1.6772676706314087 0
1731581543382 1.6401358842849731 0
1731581543521 1.651958703994751 0
1731581543690 1.6236331462860107 0
1731581543823 1.6482727527618408 0
1731581543928 1.7226232290267944 0
1731581544066 1.7272573709487915 0
1731581544167 1.6075559854507446 0
1731581544232 1.733046293258667 0
1731581544305 1.6878916025161743 0
1731581544373 1.7243252992630005 0
1731581544442 1.6248772144317627 0
1731581544509 1.7269041538238525 0
1731581544595 1.7001144886016846 0
1731581544664 1.694185733795166 0
1731581544748 1.717228651046753 0
1731581544876 1.6666804552078247 0
1731581544988 1.648033857345581 0
1731581545063 1.6478610038757324 0
1731581545130 1.7260710000991821 0
1731581545200 1.697033405303955 1
1731581545344 1.688889741897583 1
1731581545443 1.6733659505844116 1
1731581545514 1.6869406700134277 1
1731581545653 1.6626145839691162 1
1731581545774 1.757060170173645 1
1731581545856 1.701908826828003 1
1731581545929 1.7005224227905273 1
1731581546040 1.6885697841644287 1
1731581546122 1.662160873413086 1
1731581546251 1.6642334461212158 1
1731581546379 1.70354163646698 1
1731581546514 1.6641355752944946 1
1731581546593 1.6928906440734863 1
1731581546698 1.6868565082550049 1
1731581546796 1.6533812284469604 1
1731581546912 1.6349836587905884 1
1731581547091 1.5776684284210205 1
1731581547207 1.683605432510376 1
1731581547368 1.6477172374725342 1
1731581547509 1.685159683227539 1
1731581547673 1.70110023021698 1
1731581547754 1.7098602056503296 1
1731581547881 1.6875715255737305 1
1731581547987 1.7822046279907227 1
1731581548138 1.6738916635513306 1
1731581548256 1.711145043373108 1
1731581548398 1.7021394968032837 1
1731581548550 1.7183974981307983 1
1731581548698 1.6233088970184326 1
1731581548830 1.6915900707244873 1
1731581548891 1.6706664562225342 1
1731581548960 1.6415244340896606 1
1731581549026 1.6649492979049683 1
1731581549124 1.7008097171783447 1
1731581549210 1.6943495273590088 1
1731581549277 1.652417778968811 1
1731581549346 1.7195287942886353 1
1731581549414 1.6187142133712769 1
1731581549486 1.7178573608398438 1
1731581549557 1.681132197380066 1
1731581549632 1.6525261402130127 1
1731581549704 1.694640874862671 1
1731581549772 1.707031011581421 1
1731581549856 1.7086788415908813 1
1731581549932 1.7203019857406616 1
1731581550080 1.6776460409164429 1
1731581550229 1.7325536012649536 1
1731581550391 1.7352186441421509 1
1731581550540 1.6338179111480713 1
1731581550687 1.6486409902572632 1
1731581550790 1.6873068809509277 1
1731581550906 1.6799931526184082 1
1731581550992 1.6509283781051636 1
1731581551063 1.7566821575164795 1
1731581551136 1.6719071865081787 1
1731581551208 1.6815733909606934 1
1731581551272 1.6536611318588257 1
1731581551336 1.647707223892212 1
1731581551408 1.6563838720321655 1
1731581551566 1.6914308071136475 1
1731581551727 1.647593379020691 1
1731581551795 1.662035346031189 1
1731581551867 1.6805553436279297 1
1731581551935 1.6465973854064941 1
1731581552004 1.783354640007019 1
1731581552069 1.717860221862793 1
1731581552145 1.675042986869812 1
1731581552213 1.6626464128494263 1
1731581552289 1.739137887954712 1
1731581552450 1.6530489921569824 1
1731581552577 1.6319979429244995 1
1731581552650 1.6879576444625854 1
1731581552714 1.6480282545089722 1
1731581552822 1.6461588144302368 1
1731581552892 1.7074291706085205 1
1731581552956 1.6658947467803955 1
1731581553022 1.7168911695480347 1
1731581553090 1.6973247528076172 1
1731581553160 1.675479531288147 1
1731581553222 1.6552788019180298 1
1731581553286 1.611128807067871 1
1731581553354 1.691067099571228 1
1731581553419 1.6981521844863892 1
1731581553485 1.651953935623169 1
1731581553614 1.593353271484375 1
1731581553744 1.6528849601745605 1
1731581553861 1.6715021133422852 1
1731581553936 1.7100541591644287 1
1731581554085 1.6484811305999756 1
1731581554237 1.624284267425537 1
1731581554321 1.687680721282959 1
1731581554389 1.6733285188674927 1
1731581554452 1.6708333492279053 1
1731581554518 1.669281244277954 1
1731581554595 1.7102621793746948 1
1731581554658 1.669801115989685 1
1731581554731 1.677969217300415 1
1731581554817 1.6142102479934692 1
1731581554879 1.7167683839797974 1
1731581554995 1.6716207265853882 1
1731581555103 1.6313601732254028 1
1731581555213 1.6863516569137573 1
1731581555310 1.6734048128128052 1
1731581555451 1.6306214332580566 1
1731581555536 1.668737769126892 1
1731581555612 1.6404207944869995 1
1731581555678 1.6641584634780884 1
1731581555747 1.6348954439163208 1
1731581555829 1.7134473323822021 1
1731581555900 1.7147588729858398 1
1731581555981 1.7484130859375 1
1731581556053 1.696018934249878 1
1731581556124 1.6674734354019165 1
1731581556198 1.682084321975708 1
1731581556271 1.6548793315887451 1
1731581556343 1.7096755504608154 1
1731581556411 1.6572089195251465 1
1731581556481 1.6913821697235107 1
1731581556561 1.657165288925171 1
1731581556626 1.6318920850753784 1
1731581556695 1.6177630424499512 1
1731581556778 1.6869229078292847 1
1731581556858 1.6953256130218506 1
1731581556969 1.6120200157165527 1
1731581557121 1.678220510482788 1
1731581557254 1.6625535488128662 1
1731581557366 1.6776000261306763 1
1731581557481 1.7165584564208984 1
1731581557602 1.6421453952789307 1
1731581557741 1.6725218296051025 1
1731581557827 1.6543395519256592 1
1731581557895 1.6570005416870117 1
1731581557967 1.7107709646224976 1
1731581558052 1.6657861471176147 1
1731581558191 1.6524858474731445 1
1731581558313 1.686852216720581 1
1731581558417 1.641028881072998 1
1731581558537 1.6637581586837769 1
1731581558684 1.672005295753479 1
1731581558756 1.7001383304595947 1
1731581558847 1.7247008085250854 1
1731581558997 1.6773443222045898 1
1731581559177 1.655242681503296 1
1731581559297 1.6578869819641113 1
1731581559362 1.6910088062286377 1
1731581559520 1.6559405326843262 1
1731581559665 1.697820782661438 1
1731581559786 1.648493766784668 1
1731581559921 1.690962314605713 1
1731581560015 1.6713041067123413 1
1731581560092 1.7302043437957764 1
1731581560162 1.7145180702209473 1
1731581560239 1.7021872997283936 1
1731581560355 1.6324840784072876 1
1731581560431 1.7171918153762817 1
1731581560501 1.640154242515564 1
1731581560580 1.6988581418991089 1
1731581560655 1.6568470001220703 1
1731581560720 1.7305983304977417 1
1731581560792 1.7072186470031738 1
1731581560858 1.6783521175384521 1
1731581560943 1.6904305219650269 1
1731581561012 1.6253607273101807 1
1731581561098 1.6618390083312988 1
1731581561166 1.7101635932922363 1
1731581561231 1.719959020614624 1
1731581561353 1.6599220037460327 1
1731581561426 1.660710334777832 1
1731581561505 1.7312631607055664 1
1731581561580 1.6317017078399658 1
1731581561704 1.6790785789489746 1
1731581561811 1.641003131866455 1
1731581561886 1.6870126724243164 1
1731581561959 1.624187707901001 1
1731581562031 1.6163924932479858 1
1731581562104 1.6794676780700684 1
1731581562169 1.7104465961456299 1
1731581562272 1.6706252098083496 1
1731581562371 1.7377820014953613 1
1731581562441 1.75034761428833 1
1731581562513 1.6562836170196533 1
1731581562584 1.702843189239502 1
1731581562652 1.7104476690292358 1
1731581562718 1.6100809574127197 1
1731581562791 1.6953411102294922 1
1731581562856 1.7719535827636719 1
1731581562919 1.6323693990707397 1
1731581562981 1.6165484189987183 1
1731581563050 1.6683714389801025 1
1731581563140 1.6350793838500977 1
1731581563279 1.7008954286575317 1
1731581563424 1.6666234731674194 1
1731581563518 1.6089303493499756 1
1731581563585 1.725679636001587 1
1731581563648 1.6326501369476318 1
1731581563717 1.6035062074661255 1
1731581563799 1.615155577659607 1
1731581563915 1.6864696741104126 1
1731581564076 1.7494393587112427 1
1731581564228 1.6856424808502197 1
1731581564337 1.701189637184143 1
1731581564513 1.7189817428588867 1
1731581564582 1.6990922689437866 1
1731581564692 1.6285450458526611 1
1731581564838 1.6405625343322754 1
1731581564922 1.6189579963684082 1
1731581564992 1.7175359725952148 1
1731581565068 1.6508351564407349 1
1731581565151 1.6595227718353271 1
1731581565228 1.648923397064209 1
1731581565348 1.6330265998840332 1
1731581565484 1.7245491743087769 1
1731581565632 1.6363190412521362 1
1731581565708 1.6219104528427124 1
1731581565848 1.6694430112838745 1
1731581565957 1.6558115482330322 1
1731581566070 1.639919638633728 1
1731581566201 1.6417523622512817 1
1731581566319 1.67182457447052 1
1731581566442 1.6405551433563232 1
1731581566534 1.6905548572540283 1
1731581566660 1.6812975406646729 1
1731581566809 1.7167237997055054 1
1731581566945 1.6709561347961426 1
1731581567029 1.632494568824768 1
1731581567165 1.7089591026306152 1
1731581567270 1.6654514074325562 1
1731581567402 1.7723677158355713 1
1731581567566 1.6317025423049927 1
1731581567688 1.671597957611084 1
1731581567814 1.6598773002624512 1
1731581567883 1.6241990327835083 1
1731581567948 1.6410170793533325 1
1731581568018 1.6783766746520996 1
1731581568094 1.6529635190963745 1
1731581568168 1.6928369998931885 1
1731581568249 1.6681017875671387 1
1731581568322 1.6591910123825073 1
1731581568393 1.6569011211395264 1
1731581568454 1.6950404644012451 1
1731581568521 1.5856753587722778 1
1731581568590 1.6786614656448364 1
1731581568658 1.6077771186828613 1
1731581568719 1.7257996797561646 1
1731581568782 1.6806836128234863 1
1731581568850 1.6563081741333008 1
1731581568921 1.6787410974502563 1
1731581568983 1.7444181442260742 1
1731581569048 1.67648184299469 1
1731581569112 1.6614550352096558 1
1731581569179 1.707655429840088 1
1731581569247 1.6852116584777832 1
1731581569328 1.6332664489746094 1
1731581569396 1.6855498552322388 1
1731581569470 1.6720631122589111 1
1731581569541 1.7430552244186401 1
1731581569662 1.7088474035263062 1
1731581569766 1.7424920797348022 1
1731581569889 1.6866161823272705 1
1731581569967 1.6325759887695312 1
1731581570100 1.7255284786224365 1
1731581570175 1.6701817512512207 1
1731581570258 1.7465732097625732 1
1731581570352 1.7403087615966797 1
1731581570468 1.7312371730804443 1
1731581570587 1.7019975185394287 1
1731581570782 1.6514325141906738 1
1731581570855 1.6166099309921265 1
1731581570919 1.6723072528839111 1
1731581570986 1.692331314086914 1
1731581571053 1.717101812362671 1
1731581571121 1.686230182647705 1
1731581571191 1.6464483737945557 1
1731581571271 1.6558136940002441 1
1731581571345 1.6814723014831543 1
1731581571413 1.6794160604476929 1
1731581571479 1.6539064645767212 1
1731581571551 1.687124252319336 1
1731581571615 1.650568962097168 1
1731581571689 1.6544227600097656 1
1731581571765 1.6673160791397095 1
1731581571889 1.6828027963638306 1
1731581572001 1.6706575155258179 1
1731581572105 1.6539057493209839 1
1731581572210 1.6727627515792847 1
1731581572281 1.678884744644165 1
1731581572424 1.633322834968567 1
1731581572530 1.5853216648101807 1
1731581572660 1.694413185119629 1
1731581572723 1.6794244050979614 1
1731581572797 1.6638047695159912 1
1731581572864 1.716949462890625 1
1731581572931 1.709810495376587 1
1731581573001 1.6640491485595703 1
1731581573087 1.6550270318984985 1
1731581573169 1.7001562118530273 1
1731581573298 1.6652860641479492 1
1731581573412 1.6752904653549194 1
1731581573472 1.6832560300827026 1
1731581573606 1.6985059976577759 1
1731581573772 1.6328833103179932 1
1731581573847 1.6607370376586914 1
1731581573923 1.683212161064148 1
1731581574056 1.6314687728881836 1
1731581574198 1.6626852750778198 1
1731581574303 1.643794059753418 1
1731581574420 1.6870355606079102 1
1731581574486 1.616491675376892 1
1731581574553 1.6402992010116577 1
1731581574613 1.7056071758270264 1
1731581574692 1.7086628675460815 1
1731581574805 1.6875605583190918 1
1731581574902 1.632286787033081 1
1731581575084 1.6861469745635986 1
1731581575191 1.6128933429718018 1
1731581575304 1.6711522340774536 1
1731581575401 1.683753252029419 1
1731581575518 1.670645833015442 1
1731581575602 1.6580142974853516 1
1731581575713 1.7266111373901367 1
1731581575838 1.7502357959747314 1
1731581575911 1.661881685256958 1
1731581576057 1.6617623567581177 1
1731581576129 1.6167761087417603 1
1731581576207 1.6476304531097412 1
1731581576283 1.634755253791809 1
1731581576356 1.6220802068710327 1
1731581576428 1.7276471853256226 1
1731581576505 1.6153693199157715 1
1731581576569 1.655534029006958 1
1731581576633 1.6713664531707764 1
1731581576700 1.7191615104675293 1
1731581576767 1.6172908544540405 1
1731581576906 1.688591718673706 1
1731581576976 1.6592605113983154 1
1731581577057 1.6915446519851685 1
1731581577133 1.6754907369613647 1
1731581577257 1.6282596588134766 1
1731581577360 1.7016842365264893 1
1731581577441 1.668333888053894 1
1731581577513 1.7688558101654053 1
1731581577580 1.686268925666809 1
1731581577656 1.6377278566360474 1
1731581577725 1.6556587219238281 1
1731581577812 1.699232578277588 1
1731581577910 1.6319677829742432 1
1731581578009 1.6750010251998901 1
1731581578102 1.6274974346160889 1
1731581578174 1.601050615310669 1
1731581578239 1.717359185218811 1
1731581578302 1.7142999172210693 1
1731581578370 1.6337732076644897 1
1731581578436 1.6800464391708374 1
1731581578501 1.6386462450027466 1
1731581578573 1.6808980703353882 1
1731581578652 1.7031224966049194 1
1731581578720 1.6465535163879395 1
1731581578794 1.6848043203353882 1
1731581578856 1.6639539003372192 1
1731581578930 1.6935323476791382 1
1731581578999 1.592635989189148 1
1731581579066 1.7035088539123535 1
1731581579135 1.6600898504257202 1
1731581579200 1.6144269704818726 1
1731581579274 1.6607595682144165 1
1731581579402 1.6672608852386475 1
1731581579487 1.6709033250808716 1
1731581579605 1.7000186443328857 1
1731581579667 1.7012935876846313 1
1731581579739 1.5929399728775024 1
1731581579881 1.7051509618759155 1
1731581579954 1.6562434434890747 1
1731581580034 1.6317918300628662 1
1731581580137 1.6874313354492188 1
1731581580206 1.7096785306930542 1
1731581580306 1.6230356693267822 1
1731581580385 1.7101330757141113 1
1731581580463 1.6986018419265747 1
1731581580537 1.6889665126800537 1
1731581580605 1.6753208637237549 1
1731581580673 1.7298038005828857 1
1731581580738 1.69459068775177 1
1731581580808 1.632082223892212 1
1731581580894 1.702123761177063 1
1731581580987 1.6176419258117676 1
1731581581102 1.6325666904449463 1
1731581581207 1.7437103986740112 1
1731581581306 1.6800825595855713 1
1731581581405 1.6240812540054321 1
1731581581525 1.6563503742218018 1
1731581581620 1.6388672590255737 1
1731581581735 1.6695613861083984 1
1731581581838 1.671149492263794 1
1731581581902 1.6900241374969482 1
1731581581973 1.7040172815322876 1
1731581582036 1.6848015785217285 1
1731581582099 1.5972092151641846 1
1731581582171 1.6781840324401855 1
1731581582239 1.7458035945892334 1
1731581582299 1.6440510749816895 1
1731581582359 1.7072818279266357 1
1731581582424 1.6099873781204224 1
1731581582491 1.6868836879730225 1
1731581582556 1.7041637897491455 1
1731581582621 1.657151699066162 1
1731581582685 1.615006923675537 1
1731581582748 1.693872332572937 1
1731581582812 1.7427265644073486 1
1731581582888 1.6635682582855225 1
1731581582964 1.660605788230896 1
1731581583033 1.6463440656661987 1
1731581583097 1.6528241634368896 1
1731581583173 1.775531530380249 1
1731581583247 1.7180660963058472 1
1731581583321 1.6610517501831055 1
1731581583453 1.702411413192749 1
1731581583574 1.6714943647384644 1
1731581583712 1.5815401077270508 1
1731581583797 1.721327543258667 1
1731581583924 1.6556708812713623 1
1731581584053 1.6914255619049072 1
1731581584156 1.6347025632858276 1
1731581584291 1.671205759048462 1
1731581584363 1.662185549736023 1
1731581584429 1.7003414630889893 1
1731581584494 1.695391058921814 1
1731581584569 1.6946269273757935 1
1731581584652 1.68929922580719 1
1731581584742 1.7399218082427979 1
1731581584865 1.6303017139434814 1
1731581584936 1.6935123205184937 1
1731581585003 1.6127461194992065 1
1731581585069 1.684497594833374 1
1731581585159 1.694764494895935 1
1731581585265 1.6251403093338013 1
1731581585383 1.7380565404891968 1
1731581585488 1.625097632408142 1
1731581585616 1.7229394912719727 1
1731581585685 1.632623553276062 1
1731581585829 1.6457245349884033 1
1731581585933 1.6375651359558105 1
1731581586032 1.7003198862075806 1
1731581586144 1.6464834213256836 1
1731581586215 1.7071521282196045 1
1731581586282 1.6785129308700562 1
1731581586374 1.6315357685089111 1
1731581586455 1.6866213083267212 1
1731581586545 1.7166780233383179 1
1731581586671 1.670432686805725 1
1731581586826 1.6713604927062988 1
1731581586894 1.6888010501861572 1
1731581586966 1.678794503211975 1
1731581587092 1.5828763246536255 1
1731581587155 1.559418797492981 1
1731581587229 1.5951714515686035 1
1731581587321 1.6274940967559814 1
1731581587389 1.7009079456329346 1
1731581587483 1.6878516674041748 1
1731581587560 1.656350016593933 1
1731581587618 1.6134111881256104 1
1731581587683 1.6173605918884277 1
1731581587748 1.6645365953445435 1
1731581587819 1.6211624145507812 1
1731581587897 1.5894893407821655 1
1731581587965 1.6443268060684204 1
1731581588038 1.6430332660675049 1
1731581588102 1.5775659084320068 1
1731581588177 1.5909260511398315 1
1731581588246 1.6240777969360352 2
1731581588316 1.5998008251190186 2
1731581588384 1.5626113414764404 2
1731581588523 1.5535677671432495 2
1731581588673 1.5829302072525024 2
1731581588783 1.5936293601989746 2
1731581588868 1.6223827600479126 2
1731581588934 1.5456849336624146 2
1731581589006 1.5472203493118286 2
1731581589094 1.549566626548767 2
1731581589195 1.5632045269012451 2
1731581589285 1.54081130027771 2
1731581589354 1.5452466011047363 2
1731581589424 1.5249677896499634 2
1731581589528 1.5296798944473267 2
1731581589602 1.6099131107330322 2
1731581589674 1.5594578981399536 2
1731581589744 1.5289392471313477 2
1731581589821 1.56210196018219 2
1731581589895 1.5595592260360718 2
1731581589970 1.5591590404510498 2
1731581590047 1.5550473928451538 2
1731581590130 1.546124815940857 2
1731581590286 1.5326611995697021 2
1731581590401 1.5232290029525757 2
1731581590525 1.488113522529602 2
1731581590670 1.5011787414550781 2
1731581590758 1.580997347831726 2
1731581590889 1.4821356534957886 2
1731581590989 1.5332638025283813 2
1731581591099 1.5361974239349365 2
1731581591173 1.534242868423462 2
1731581591235 1.5527523756027222 2
1731581591305 1.5128343105316162 2
1731581591381 1.5055447816848755 2
1731581591445 1.5295666456222534 2
1731581591530 1.5331579446792603 2
1731581591606 1.523322582244873 2
1731581591683 1.5522797107696533 2
1731581591756 1.488107442855835 2
1731581591825 1.568310260772705 2
1731581591900 1.52444326877594 2
1731581591963 1.5046416521072388 2
1731581592031 1.497490406036377 2
1731581592103 1.504124641418457 2
1731581592173 1.5139634609222412 2
1731581592246 1.516054630279541 2
1731581592315 1.4938554763793945 2
1731581592435 1.4906176328659058 2
1731581592545 1.5063385963439941 2
1731581592617 1.5698902606964111 2
1731581592684 1.522094964981079 2
1731581592753 1.4989787340164185 2
1731581592827 1.4890031814575195 2
1731581592900 1.520062804222107 2
1731581592967 1.5044994354248047 2
1731581593061 1.529255986213684 2
1731581593141 1.5138099193572998 2
1731581593207 1.4894428253173828 2
1731581593273 1.499900221824646 2
1731581593340 1.5210355520248413 2
1731581593405 1.4856090545654297 2
1731581593505 1.5096675157546997 2
1731581593584 1.4909619092941284 2
1731581593688 1.4922271966934204 2
1731581593784 1.5047537088394165 2
1731581593880 1.5034103393554688 2
1731581593973 1.4712153673171997 2
1731581594066 1.5197938680648804 2
1731581594144 1.5069420337677002 2
1731581594218 1.5230365991592407 2
1731581594296 1.5133413076400757 2
1731581594408 1.4978283643722534 2
1731581594482 1.5111247301101685 2
1731581594555 1.5060911178588867 2
1731581594619 1.515121340751648 2
1731581594681 1.546273112297058 2
1731581594752 1.499735713005066 2
1731581594832 1.521841287612915 2
1731581594904 1.4992767572402954 2
1731581594982 1.5109020471572876 2
1731581595046 1.508628249168396 2
1731581595116 1.507308840751648 2
1731581595190 1.500542163848877 2
1731581595292 1.5093066692352295 2
1731581595367 1.4927595853805542 2
1731581595440 1.50063955783844 2
1731581595511 1.502319097518921 2
1731581595593 1.5058948993682861 2
1731581595665 1.5091396570205688 2
1731581595784 1.515315055847168 2
1731581595881 1.4866034984588623 2
1731581595958 1.4973106384277344 2
1731581596074 1.5436018705368042 2
1731581596167 1.4839601516723633 2
1731581596260 1.5003330707550049 2
1731581596327 1.5125505924224854 2
1731581596413 1.4812155961990356 2
1731581596522 1.5118207931518555 2
1731581596614 1.5018254518508911 2
1731581596727 1.521010398864746 2
1731581596870 1.4822510480880737 2
1731581596947 1.5436177253723145 2
1731581597053 1.4960503578186035 2
1731581597151 1.4927589893341064 2
1731581597258 1.4850800037384033 2
1731581597389 1.4962753057479858 2
1731581597458 1.5050785541534424 2
1731581597578 1.4999881982803345 2
1731581597640 1.5274043083190918 2
1731581597751 1.4851269721984863 2
1731581597834 1.4912885427474976 2
1731581597931 1.4848525524139404 2
1731581598025 1.4876415729522705 2
1731581598129 1.488684892654419 2
1731581598213 1.4774082899093628 2
1731581598309 1.481981635093689 2
1731581598392 1.4846282005310059 2
1731581598467 1.4837021827697754 2
1731581598538 1.4891600608825684 2
1731581598607 1.4791021347045898 2
1731581598683 1.4960198402404785 2
1731581598752 1.4808818101882935 2
1731581598828 1.496420979499817 2
1731581598890 1.5076810121536255 2
1731581598958 1.4841026067733765 2
1731581599021 1.5074305534362793 2
1731581599096 1.5008699893951416 2
1731581599192 1.4867762327194214 2
1731581599320 1.5045579671859741 2
1731581599412 1.495368242263794 2
1731581599486 1.5123813152313232 2
1731581599569 1.4961899518966675 2
1731581599649 1.4731204509735107 2
1731581599752 1.5002902746200562 2
1731581599859 1.484134554862976 2
1731581599956 1.4780200719833374 2
1731581600023 1.5044364929199219 2
1731581600089 1.534105658531189 2
1731581600167 1.490538239479065 2
1731581600246 1.484590768814087 2
1731581600324 1.504949688911438 2
1731581600388 1.5012730360031128 2
1731581600448 1.5309799909591675 2
1731581600522 1.5175957679748535 2
1731581600616 1.5003461837768555 2
1731581600721 1.5272554159164429 2
1731581600844 1.4878336191177368 2
1731581600952 1.5140217542648315 2
1731581601067 1.5402591228485107 2
1731581601158 1.5197126865386963 2
1731581601267 1.507921814918518 2
1731581601406 1.5123217105865479 2
1731581601505 1.4789153337478638 2
1731581601576 1.5266691446304321 2
1731581601646 1.5110341310501099 2
1731581601712 1.5210986137390137 2
1731581601830 1.5319117307662964 2
1731581601892 1.4923841953277588 2
1731581601972 1.5219762325286865 2
1731581602041 1.4989492893218994 2
1731581602112 1.4778622388839722 2
1731581602183 1.5051405429840088 2
1731581602257 1.508244514465332 2
1731581602328 1.507459044456482 2
1731581602396 1.5159927606582642 2
1731581602521 1.4753953218460083 2
1731581602594 1.486208438873291 2
1731581602659 1.4853013753890991 2
1731581602723 1.4789769649505615 2
1731581602795 1.4940990209579468 2
1731581602863 1.4881031513214111 2
1731581602940 1.488680362701416 2
1731581603005 1.4843114614486694 2
1731581603071 1.495487093925476 2
1731581603143 1.5333003997802734 2
1731581603238 1.4693706035614014 2
1731581603309 1.4999072551727295 2
1731581603378 1.4690736532211304 2
1731581603446 1.4783422946929932 2
1731581603581 1.495835781097412 2
1731581603698 1.5048284530639648 2
1731581603801 1.4865940809249878 2
1731581603869 1.5206773281097412 2
1731581603940 1.513454556465149 2
1731581604003 1.470021367073059 2
1731581604070 1.4942227602005005 2
1731581604144 1.5213698148727417 2
1731581604212 1.5195295810699463 2
1731581604272 1.4803372621536255 2
1731581604342 1.506636142730713 2
1731581604409 1.5112037658691406 2
1731581604487 1.5132298469543457 2
1731581604554 1.548850178718567 2
1731581604626 1.4974324703216553 2
1731581604702 1.5092483758926392 2
1731581604767 1.4915610551834106 2
1731581604918 1.498757243156433 2
1731581604982 1.4995932579040527 2
1731581605075 1.520862340927124 2
1731581605139 1.5170069932937622 2
1731581605269 1.500198245048523 2
1731581605347 1.4692049026489258 2
1731581605449 1.523521065711975 2
1731581605554 1.5017375946044922 2
1731581605625 1.4816137552261353 2
1731581605711 1.5105229616165161 2
1731581605783 1.4914528131484985 2
1731581605928 1.5141270160675049 2
1731581606013 1.4807205200195312 2
1731581606100 1.4943742752075195 2
1731581606179 1.4773859977722168 2
1731581606257 1.514865756034851 2
1731581606329 1.5080684423446655 2
1731581606413 1.5201679468154907 2
1731581606487 1.500108003616333 2
1731581606561 1.5141746997833252 2
1731581606633 1.4851607084274292 2
1731581606707 1.5048211812973022 2
1731581606779 1.4966952800750732 2
1731581606883 1.4787771701812744 2
1731581606975 1.523315191268921 2
1731581607098 1.5059633255004883 2
1731581607191 1.5029172897338867 2
1731581607335 1.4722586870193481 2
1731581607420 1.502235770225525 2
1731581607501 1.5304033756256104 2
1731581607544 1.5124744176864624 2
1731581607638 1.486109972000122 2
1731581607752 1.4907310009002686 2
1731581607883 1.4819177389144897 2
1731581607956 1.4714524745941162 2
1731581608069 1.505720615386963 2
1731581608166 1.4930554628372192 2
1731581608255 1.4996777772903442 2
1731581608363 1.4765654802322388 2
1731581608464 1.4885534048080444 2
1731581608575 1.5295674800872803 2
1731581608665 1.5041173696517944 2
1731581608804 1.4718871116638184 2
1731581608946 1.4982268810272217 2
1731581609017 1.4769837856292725 2
1731581609085 1.48537278175354 2
1731581609155 1.493898630142212 2
1731581609227 1.5018423795700073 2
1731581609300 1.5066072940826416 2
1731581609379 1.49298894405365 2
1731581609449 1.5344367027282715 2
1731581609539 1.5024195909500122 2
1731581609651 1.476099967956543 2
1731581609780 1.5023044347763062 2
1731581609852 1.49501371383667 2
1731581609932 1.4976937770843506 2
1731581610008 1.4914294481277466 2
1731581610069 1.501915454864502 2
1731581610142 1.5149027109146118 2
1731581610208 1.4842944145202637 2
1731581610270 1.498302698135376 2
1731581610337 1.490989327430725 2
1731581610409 1.5044749975204468 2
1731581610472 1.5035654306411743 2
1731581610547 1.4988540410995483 2
1731581610678 1.5227019786834717 2
1731581610755 1.4938772916793823 2
1731581610846 1.510155200958252 2
1731581610923 1.5046793222427368 2
1731581611063 1.4895942211151123 2
1731581611156 1.477217674255371 2
1731581611257 1.4842491149902344 2
1731581611405 1.4904439449310303 2
1731581611455 1.5231901407241821 2
1731581611564 1.4854719638824463 2
1731581611667 1.5172913074493408 2
1731581611808 1.5023919343948364 2
1731581611883 1.5168370008468628 2
1731581611948 1.4942408800125122 2
1731581612014 1.52360200881958 2
1731581612094 1.4952903985977173 2
1731581612164 1.484527826309204 2
1731581612228 1.4695165157318115 2
1731581612338 1.533534288406372 2
1731581612408 1.4991343021392822 2
1731581612501 1.5088690519332886 2
1731581612589 1.5018174648284912 2
1731581612649 1.4913700819015503 2
1731581612714 1.5109277963638306 2
1731581612780 1.4974538087844849 2
1731581612839 1.487148642539978 2
1731581612912 1.522903561592102 2
1731581612976 1.5178611278533936 2
1731581613055 1.5165104866027832 2
1731581613130 1.5335733890533447 2
1731581613203 1.4892761707305908 2
1731581613283 1.5146429538726807 2
1731581613379 1.4731487035751343 2
1731581613435 1.5206246376037598 2
1731581613547 1.4891613721847534 2
1731581613640 1.5221003293991089 2
1731581613733 1.510015606880188 2
1731581613838 1.4920679330825806 2
1731581613930 1.5055676698684692 2
1731581614041 1.5037814378738403 2
1731581614139 1.5238912105560303 2
1731581614250 1.491312861442566 2
1731581614378 1.5135395526885986 2
1731581614505 1.4941785335540771 2
1731581614632 1.4997395277023315 2
1731581614737 1.4905799627304077 2
1731581614879 1.492797613143921 2
1731581614965 1.4722542762756348 2
1731581615034 1.5001475811004639 2
1731581615103 1.4943530559539795 2
1731581615168 1.4938992261886597 2
1731581615230 1.498153567314148 2
1731581615296 1.504960060119629 2
1731581615358 1.542386770248413 2
1731581615427 1.503050446510315 2
1731581615523 1.4650311470031738 2
1731581615588 1.477207899093628 2
1731581615726 1.4882639646530151 2
1731581615847 1.5042458772659302 2
1731581615927 1.4902974367141724 2
1731581616046 1.4777089357376099 2
1731581616170 1.472037672996521 2
1731581616340 1.506519079208374 2
1731581616421 1.4939935207366943 2
1731581616495 1.5215537548065186 2
1731581616569 1.5268768072128296 2
1731581616641 1.5106807947158813 2
1731581616737 1.4924638271331787 2
1731581616896 1.4921467304229736 2
1731581617058 1.5062966346740723 2
1731581617193 1.499192237854004 2
1731581617327 1.5076431035995483 2
1731581617438 1.5006896257400513 2
1731581617554 1.4944965839385986 2
1731581617646 1.5014475584030151 2
1731581617828 1.4758145809173584 2
1731581617954 1.4746520519256592 2
1731581618023 1.475274682044983 2
1731581618090 1.4790838956832886 2
1731581618163 1.5005031824111938 2
1731581618235 1.4691647291183472 2
1731581618384 1.499386191368103 2
1731581618464 1.517728567123413 2
1731581618540 1.4771628379821777 2
1731581618662 1.4804027080535889 2
1731581618767 1.4935336112976074 2
1731581618855 1.5008645057678223 2
1731581618930 1.5326632261276245 2
1731581619011 1.467886209487915 2
1731581619149 1.4999903440475464 2
1731581619255 1.4882071018218994 2
1731581619371 1.487235426902771 2
1731581619444 1.498311161994934 2
1731581619538 1.5016998052597046 2
1731581619640 1.4978948831558228 2
1731581619748 1.4744468927383423 2
1731581619834 1.503510594367981 2
1731581619982 1.494762659072876 2
1731581620058 1.4863090515136719 2
1731581620170 1.4845422506332397 2
1731581620240 1.4830912351608276 2
1731581620321 1.4858022928237915 2
1731581620402 1.4815647602081299 2
1731581620554 1.4689596891403198 2
1731581620699 1.4612340927124023 2
1731581620835 1.4801793098449707 2
1731581620907 1.523210048675537 2
1731581620973 1.4998228549957275 2
1731581621044 1.4916515350341797 2
1731581621117 1.469440221786499 2
1731581621215 1.497015118598938 2
1731581621282 1.487571358680725 2
1731581621355 1.4811276197433472 2
1731581621434 1.4866365194320679 2
1731581621578 1.5150636434555054 2
1731581621659 1.4825938940048218 2
1731581621725 1.4899682998657227 2
1731581621803 1.5111650228500366 2
1731581621883 1.5023852586746216 2
1731581621966 1.4705336093902588 2
1731581622062 1.4791982173919678 2
1731581622135 1.49028742313385 2
1731581622203 1.472973346710205 2
1731581622268 1.5016320943832397 2
1731581622345 1.4613282680511475 2
1731581622421 1.4929701089859009 2
1731581622491 1.507414698600769 2
1731581622562 1.5096021890640259 2
1731581622631 1.5000543594360352 2
1731581622697 1.4986951351165771 2
1731581622763 1.482405424118042 2
1731581622843 1.5039279460906982 2
1731581622909 1.4697692394256592 2
1731581622974 1.484518051147461 2
1731581623045 1.4846062660217285 2
1731581623124 1.4718866348266602 2
1731581623186 1.4784060716629028 2
1731581623253 1.4926283359527588 2
1731581623324 1.4738943576812744 2
1731581623408 1.4859975576400757 2
1731581623486 1.4944419860839844 2
1731581623573 1.4761592149734497 2
1731581623649 1.4917669296264648 2
1731581623723 1.483139157295227 2
1731581623793 1.4875898361206055 2
1731581623875 1.471937894821167 2
1731581623939 1.5123063325881958 2
1731581624014 1.4935393333435059 2
1731581624093 1.4760760068893433 2
1731581624162 1.4845707416534424 2
1731581624230 1.495250940322876 2
1731581624297 1.5316280126571655 2
1731581624366 1.5203046798706055 2
1731581624442 1.4839529991149902 2
1731581624509 1.492196798324585 2
1731581624577 1.4880677461624146 2
1731581624645 1.4838393926620483 2
1731581624718 1.5464227199554443 2
1731581624786 1.5070292949676514 2
1731581624865 1.4936808347702026 2
1731581624934 1.478400707244873 2
1731581625008 1.4762932062149048 2
1731581625077 1.4767240285873413 2
1731581625157 1.4772260189056396 2
1731581625224 1.4775242805480957 2
1731581625289 1.5267393589019775 2
1731581625365 1.4773693084716797 2
1731581625426 1.5220112800598145 2
1731581625488 1.5020647048950195 2
1731581625606 1.4755054712295532 2
1731581625720 1.4949047565460205 2
1731581625862 1.4865306615829468 2
1731581625978 1.4925600290298462 2
1731581626086 1.4789786338806152 2
1731581626188 1.5148731470108032 2
1731581626289 1.4845930337905884 2
1731581626390 1.5034877061843872 2
1731581626504 1.4703503847122192 2
1731581626618 1.4871045351028442 2
1731581626701 1.498457908630371 2
1731581626856 1.4802485704421997 2
1731581626938 1.471906304359436 2
1731581627074 1.4924747943878174 2
1731581627218 1.4765570163726807 2
1731581627298 1.4923796653747559 2
1731581627404 1.4899502992630005 2
1731581627543 1.5111973285675049 2
1731581627672 1.5145251750946045 2
1731581627758 1.4832841157913208 2
1731581627856 1.5139577388763428 2
1731581628000 1.4828567504882812 2
1731581628068 1.5142277479171753 2
1731581628150 1.5144513845443726 2
1731581628225 1.4781630039215088 2
1731581628290 1.4815411567687988 2
1731581628355 1.4936554431915283 2
1731581628416 1.5008670091629028 2
1731581628492 1.4966692924499512 2
1731581628560 1.5073375701904297 2
1731581628638 1.4717291593551636 2
1731581628705 1.4845893383026123 2
1731581628773 1.4824542999267578 2
1731581628850 1.4988199472427368 2
1731581628944 1.4808731079101562 2
1731581629032 1.4906916618347168 2
1731581629106 1.4873379468917847 2
1731581629213 1.5255106687545776 2
1731581629285 1.4611780643463135 3
1731581629352 1.497539758682251 3
1731581629426 1.4838857650756836 3
1731581629558 1.503808856010437 3
1731581629630 1.4971355199813843 3
1731581629718 1.4690840244293213 3
1731581629795 1.4778187274932861 3
1731581629884 1.4765851497650146 3
1731581629994 1.471400260925293 3
1731581630127 1.4827024936676025 3
1731581630202 1.4861172437667847 3
1731581630317 1.49104905128479 3
1731581630391 1.4764001369476318 3
1731581630463 1.4765163660049438 3
1731581630568 1.5139354467391968 3
1731581630694 1.4656615257263184 3
1731581630773 1.4935417175292969 3
1731581630851 1.469650149345398 3
1731581630974 1.4996317625045776 3
1731581631102 1.4844391345977783 3
1731581631198 1.4696959257125854 3
1731581631290 1.5056020021438599 3
1731581631403 1.478162407875061 3
1731581631525 1.5052802562713623 3
1731581631665 1.4618784189224243 3
1731581631746 1.4685235023498535 3
1731581631841 1.4700804948806763 3
1731581631920 1.500491738319397 3
1731581631988 1.4765352010726929 3
1731581632057 1.4929803609848022 3
1731581632129 1.5067139863967896 3
1731581632197 1.4999719858169556 3
1731581632259 1.5151946544647217 3
1731581632344 1.4767789840698242 3
1731581632445 1.4761290550231934 3
1731581632567 1.4657038450241089 3
1731581632676 1.4839308261871338 3
1731581632762 1.4945554733276367 3
1731581632918 1.5082484483718872 3
1731581633022 1.4726890325546265 3
1731581633103 1.4933916330337524 3
1731581633180 1.4923449754714966 3
1731581633255 1.4847052097320557 3
1731581633402 1.4802552461624146 3
1731581633513 1.4865553379058838 3
1731581633585 1.5134201049804688 3
1731581633702 1.4880902767181396 3
1731581633810 1.4837645292282104 3
1731581633900 1.4768097400665283 3
1731581633973 1.492390751838684 3
1731581634045 1.469572901725769 3
1731581634117 1.4689661264419556 3
1731581634179 1.5051039457321167 3
1731581634248 1.4692180156707764 3
1731581634316 1.497635006904602 3
1731581634404 1.4779917001724243 3
1731581634491 1.4683008193969727 3
1731581634561 1.5159268379211426 3
1731581634630 1.4835284948349 3
1731581634706 1.4818428754806519 3
1731581634814 1.484931468963623 3
1731581634877 1.481622338294983 3
1731581634956 1.5076886415481567 3
1731581635029 1.5095646381378174 3
1731581635096 1.50473952293396 3
1731581635159 1.4705710411071777 3
1731581635235 1.480149745941162 3
1731581635318 1.5106446743011475 3
1731581635426 1.4917967319488525 3
1731581635504 1.4724538326263428 3
1731581635587 1.4741575717926025 3
1731581635675 1.4905400276184082 3
1731581635775 1.5159612894058228 3
1731581635926 1.4690219163894653 3
1731581636022 1.5010045766830444 3
1731581636095 1.5061014890670776 3
1731581636171 1.4934386014938354 3
1731581636239 1.4850515127182007 3
1731581636307 1.4993726015090942 3
1731581636370 1.4924262762069702 3
1731581636439 1.476859211921692 3
1731581636528 1.469094157218933 3
1731581636600 1.484601616859436 3
1731581636669 1.5002834796905518 3
1731581636741 1.4997243881225586 3
1731581636815 1.4842114448547363 3
1731581636887 1.4716638326644897 3
1731581636956 1.4767823219299316 3
1731581637024 1.4704349040985107 3
1731581637119 1.4872612953186035 3
1731581637204 1.473665714263916 3
1731581637330 1.4725639820098877 3
1731581637433 1.498932957649231 3
1731581637525 1.5011622905731201 3
1731581637605 1.4721150398254395 3
1731581637675 1.5079265832901 3
1731581637739 1.4821152687072754 3
1731581637812 1.4804351329803467 3
1731581637907 1.4770082235336304 3
1731581638044 1.4961098432540894 3
1731581638149 1.4768447875976562 3
1731581638242 1.5085585117340088 3
1731581638349 1.476775050163269 3
1731581638480 1.4782685041427612 3
1731581638628 1.4842957258224487 3
1731581638721 1.484553337097168 3
1731581638834 1.5203659534454346 3
1731581638919 1.4932383298873901 3
1731581639037 1.4776573181152344 3
1731581639159 1.4876151084899902 3
1731581639287 1.491252064704895 3
1731581639406 1.4783238172531128 3
1731581639474 1.4678688049316406 3
1731581639543 1.5005048513412476 3
1731581639613 1.4702798128128052 3
1731581639679 1.4885526895523071 3
1731581639786 1.4885575771331787 3
1731581639873 1.4920438528060913 3
1731581639949 1.4685616493225098 3
1731581640028 1.5002896785736084 3
1731581640102 1.4923986196517944 3
1731581640178 1.4693121910095215 3
1731581640237 1.4925355911254883 3
1731581640333 1.5191112756729126 3
1731581640401 1.4683802127838135 3
1731581640546 1.4889278411865234 3
1731581640659 1.4891836643218994 3
1731581640725 1.4765313863754272 3
1731581640790 1.4759894609451294 3
1731581640877 1.480283498764038 3
1731581640945 1.4972342252731323 3
1731581641012 1.5044798851013184 3
1731581641080 1.4861273765563965 3
1731581641161 1.4854061603546143 3
1731581641260 1.4690006971359253 3
1731581641358 1.5254006385803223 3
1731581641469 1.4651397466659546 3
1731581641551 1.500659704208374 3
1731581641635 1.4925472736358643 3
1731581641715 1.4918041229248047 3
1731581641786 1.4855386018753052 3
1731581641859 1.4770067930221558 3
1731581641928 1.4723209142684937 3
1731581642000 1.4709492921829224 3
1731581642122 1.474756121635437 3
1731581642218 1.490858554840088 3
1731581642294 1.4788496494293213 3
1731581642404 1.4836887121200562 3
1731581642510 1.4789447784423828 3
1731581642623 1.4940229654312134 3
1731581642761 1.4925459623336792 3
1731581642830 1.51492440700531 3
1731581642911 1.4929914474487305 3
1731581642982 1.484767198562622 3
1731581643052 1.4856460094451904 3
1731581643115 1.4690340757369995 3
1731581643179 1.4919651746749878 3
1731581643244 1.493493676185608 3
1731581643327 1.497074007987976 3
1731581643420 1.4775642156600952 3
1731581643536 1.4936867952346802 3
1731581643680 1.471060872077942 3
1731581643787 1.4761613607406616 3
1731581643869 1.4833593368530273 3
1731581643929 1.474076509475708 3
1731581643989 1.4848958253860474 3
1731581644064 1.463963508605957 3
1731581644160 1.4924671649932861 3
1731581644270 1.4768364429473877 3
1731581644339 1.484649896621704 3
1731581644401 1.5184320211410522 3
1731581644468 1.4770041704177856 3
1731581644536 1.4912326335906982 3
1731581644608 1.4824817180633545 3
1731581644702 1.4777531623840332 3
1731581644806 1.4988704919815063 3
1731581644890 1.4855471849441528 3
1731581645019 1.5091795921325684 3
1731581645101 1.470442533493042 3
1731581645254 1.4846999645233154 3
1731581645322 1.4717111587524414 3
1731581645388 1.5140821933746338 3
1731581645463 1.4704949855804443 3
1731581645573 1.4769805669784546 3
1731581645688 1.4915035963058472 3
1731581645803 1.4923957586288452 3
1731581645932 1.4756031036376953 3
1731581646013 1.5016456842422485 3
1731581646105 1.4830902814865112 3
1731581646178 1.4911893606185913 3
1731581646253 1.5048435926437378 3
1731581646364 1.4885714054107666 3
1731581646463 1.4773759841918945 3
1731581646578 1.51396644115448 3
1731581646645 1.4959774017333984 3
1731581646715 1.471635341644287 3
1731581646837 1.4929431676864624 3
1731581646915 1.4942423105239868 3
1731581646980 1.5053575038909912 3
1731581647106 1.4923174381256104 3
1731581647181 1.4845550060272217 3
1731581647301 1.4926495552062988 3
1731581647442 1.5323835611343384 3
1731581647570 1.5158828496932983 3
1731581647645 1.502368450164795 3
1731581647712 1.508656620979309 3
1731581647782 1.481643557548523 3
1731581647844 1.4955432415008545 3
1731581647928 1.5000665187835693 3
1731581648014 1.481927514076233 3
1731581648090 1.4933311939239502 3
1731581648167 1.4779480695724487 3
1731581648257 1.4878612756729126 3
1731581648332 1.491167426109314 3
1731581648400 1.4792609214782715 3
1731581648483 1.5025341510772705 3
1731581648553 1.469577431678772 3
1731581648618 1.4962173700332642 3
1731581648682 1.479066252708435 3
1731581648745 1.4768027067184448 3
1731581648808 1.4771628379821777 3
1731581648889 1.5047687292099 3
1731581648966 1.4782358407974243 3
1731581649036 1.4736589193344116 3
1731581649117 1.5164079666137695 3
1731581649230 1.4876505136489868 3
1731581649357 1.466747760772705 3
1731581649464 1.486240029335022 3
1731581649572 1.502593994140625 3
1731581649686 1.4772982597351074 3
1731581649780 1.5155609846115112 3
1731581649856 1.4856173992156982 3
1731581649935 1.4850236177444458 3
1731581650009 1.4758985042572021 3
1731581650087 1.4860948324203491 3
1731581650149 1.4883955717086792 3
1731581650217 1.4871923923492432 3
1731581650304 1.4919956922531128 3
1731581650436 1.4897434711456299 3
1731581650554 1.4792875051498413 3
1731581650676 1.4905827045440674 3
1731581650779 1.461160659790039 3
1731581650891 1.4613301753997803 3
1731581650985 1.492539405822754 3
1731581651087 1.491415023803711 3
1731581651184 1.4768731594085693 3
1731581651303 1.489598274230957 3
1731581651455 1.5143169164657593 3
1731581651546 1.4943759441375732 3
1731581651638 1.4869734048843384 3
1731581651717 1.4834067821502686 3
1731581651782 1.503088116645813 3
1731581651855 1.4782553911209106 3
1731581651935 1.4845333099365234 3
1731581652061 1.511672019958496 3
1731581652133 1.4942123889923096 3
1731581652206 1.5134068727493286 3
1731581652289 1.492478609085083 3
1731581652394 1.4758814573287964 3
1731581652473 1.4872738122940063 3
1731581652547 1.4846009016036987 3
1731581652617 1.4740989208221436 3
1731581652698 1.4877653121948242 3
1731581652780 1.471429705619812 3
1731581652859 1.4854170083999634 3
1731581652933 1.4903053045272827 3
1731581653003 1.4842071533203125 3
1731581653077 1.4674214124679565 3
1731581653145 1.5062282085418701 3
1731581653222 1.479830026626587 3
1731581653285 1.4951767921447754 3
1731581653349 1.4661870002746582 3
1731581653416 1.5168437957763672 3
1731581653488 1.4689637422561646 3
1731581653551 1.500264286994934 3
1731581653627 1.4919089078903198 3
1731581653703 1.4611866474151611 3
1731581653801 1.4958964586257935 3
1731581653890 1.469078779220581 3
1731581653967 1.4776605367660522 3
1731581654035 1.475908875465393 3
1731581654106 1.491943120956421 3
1731581654185 1.4757137298583984 3
1731581654267 1.4811769723892212 3
1731581654344 1.4791145324707031 3
1731581654416 1.4846136569976807 3
1731581654487 1.4910516738891602 3
1731581654554 1.5179533958435059 3
1731581654629 1.4999198913574219 3
1731581654722 1.479615569114685 3
1731581654814 1.4686028957366943 3
1731581654928 1.4988197088241577 3
1731581655051 1.4841198921203613 3
1731581655142 1.473405122756958 3
1731581655265 1.486641764640808 3
1731581655343 1.4689784049987793 3
1731581655448 1.5111488103866577 3
1731581655565 1.4995038509368896 3
1731581655726 1.5020880699157715 3
1731581655872 1.4924768209457397 3
1731581655947 1.5134549140930176 3
1731581656011 1.5132287740707397 3
1731581656081 1.5003361701965332 3
1731581656145 1.476519227027893 3
1731581656210 1.4913123846054077 3
1731581656273 1.4808508157730103 3
1731581656338 1.5023905038833618 3
1731581656400 1.4771602153778076 3
1731581656471 1.485721230506897 3
1731581656544 1.5013123750686646 3
1731581656613 1.4838851690292358 3
1731581656679 1.475796103477478 3
1731581656758 1.5012922286987305 3
1731581656872 1.4620838165283203 3
1731581656995 1.4837433099746704 3
1731581657067 1.4836320877075195 3
1731581657155 1.4878079891204834 3
1731581657253 1.495471715927124 3
1731581657412 1.507171630859375 3
1731581657541 1.5171970129013062 3
1731581657606 1.4799814224243164 3
1731581657677 1.4931292533874512 3
1731581657749 1.4904245138168335 3
1731581657817 1.5021477937698364 3
1731581657889 1.4909861087799072 3
1731581657955 1.4845844507217407 3
1731581658019 1.4690954685211182 3
1731581658090 1.4997745752334595 3
1731581658177 1.4848766326904297 3
1731581658250 1.4789173603057861 3
1731581658332 1.5015352964401245 3
1731581658400 1.5001633167266846 3
1731581658468 1.485161304473877 3
1731581658535 1.476839303970337 3
1731581658604 1.4689980745315552 3
1731581658665 1.5071632862091064 3
1731581658733 1.4769898653030396 3
1731581658806 1.476803183555603 3
1731581658885 1.5046703815460205 3
1731581658956 1.495938777923584 3
1731581659034 1.4923070669174194 3
1731581659105 1.4844456911087036 3
1731581659174 1.4787037372589111 3
1731581659240 1.498996615409851 3
1731581659310 1.5044852495193481 3
1731581659382 1.4693883657455444 3
1731581659444 1.48320472240448 3
1731581659505 1.4934568405151367 3
1731581659567 1.4917080402374268 3
1731581659630 1.4926989078521729 3
1731581659699 1.4673124551773071 3
1731581659779 1.4922631978988647 3
1731581659834 1.4821330308914185 3
1731581659908 1.4733335971832275 3
1731581659975 1.5014175176620483 3
1731581660039 1.4856476783752441 3
1731581660104 1.510727882385254 3
1731581660174 1.5075764656066895 3
1731581660254 1.5011719465255737 3
1731581660336 1.4865155220031738 3
1731581660414 1.484591007232666 3
1731581660559 1.4780606031417847 3
1731581660681 1.5016757249832153 3
1731581660776 1.4914394617080688 3
1731581660849 1.5002715587615967 3
1731581660925 1.4947608709335327 3
1731581661003 1.505919098854065 3
1731581661073 1.4927501678466797 3
1731581661137 1.5079511404037476 3
1731581661200 1.476557970046997 3
1731581661264 1.4794659614562988 3
1731581661326 1.5042059421539307 3
1731581661407 1.4686713218688965 3
1731581661478 1.4817335605621338 3
1731581661555 1.4886493682861328 3
1731581661630 1.4892144203186035 3
1731581661717 1.4807379245758057 3
1731581661916 1.501349687576294 3
1731581662009 1.4999120235443115 3
1731581662131 1.5014210939407349 3
1731581662251 1.478196144104004 3
1731581662373 1.4807871580123901 3
1731581662452 1.4904706478118896 3
1731581662521 1.4884157180786133 3
1731581662586 1.480244517326355 3
1731581662669 1.4771090745925903 3
1731581662750 1.4615471363067627 3
1731581662878 1.4733309745788574 3
1731581663006 1.4766968488693237 3
1731581663116 1.4836417436599731 3
1731581663220 1.497819423675537 3
1731581663326 1.470934271812439 3
1731581663453 1.484956979751587 3
1731581663524 1.4767752885818481 3
1731581663633 1.4715993404388428 3
1731581663730 1.4764020442962646 3
1731581663838 1.4860016107559204 3
1731581663952 1.4722189903259277 3
1731581664016 1.4880613088607788 3
1731581664117 1.4845895767211914 3
1731581664242 1.4806064367294312 3
1731581664321 1.5144346952438354 3
1731581664383 1.4766426086425781 3
1731581664449 1.4614841938018799 3
1731581664530 1.4914321899414062 3
1731581664610 1.467694878578186 3
1731581664690 1.5002058744430542 3
1731581664768 1.495685338973999 3
1731581664831 1.4802918434143066 3
1731581664901 1.4832587242126465 3
1731581664982 1.4837044477462769 3
1731581665058 1.4763660430908203 3
1731581665132 1.4691044092178345 3
1731581665216 1.4689640998840332 3
1731581665294 1.4868191480636597 3
1731581665377 1.4880863428115845 3
1731581665447 1.4836089611053467 3
1731581665513 1.5042366981506348 3
1731581665582 1.4767730236053467 3
1731581665653 1.4917707443237305 3
1731581665727 1.4989097118377686 3
1731581665801 1.4969971179962158 3
1731581665885 1.4924137592315674 3
1731581665970 1.4778931140899658 3
1731581666042 1.492221474647522 3
1731581666161 1.472295880317688 3
1731581666225 1.4873470067977905 3
1731581666299 1.4869705438613892 3
1731581666361 1.4841976165771484 3
1731581666429 1.4792736768722534 3
1731581666499 1.523803472518921 3
1731581666576 1.4816498756408691 3
1731581666659 1.5022563934326172 3
1731581666764 1.494638442993164 3
1731581666846 1.4692115783691406 3
1731581666953 1.4919244050979614 3
1731581667103 1.4932256937026978 3
1731581667201 1.4722079038619995 3
1731581667287 1.4904626607894897 3
1731581667429 1.4910696744918823 3
1731581667553 1.493159532546997 3
1731581667708 1.499732255935669 3
1731581667813 1.4775301218032837 3
1731581667892 1.5004522800445557 3
1731581667960 1.498816967010498 3
1731581668046 1.4689671993255615 3
1731581668117 1.4940946102142334 3
1731581668181 1.4796653985977173 3
1731581668245 1.5284117460250854 3
1731581668316 1.4827240705490112 3
1731581668381 1.5166655778884888 3
1731581668449 1.4923765659332275 3
1731581668515 1.4961225986480713 3
1731581668587 1.4924737215042114 3
1731581668654 1.499880075454712 3
1731581668724 1.4885284900665283 3
1731581668837 1.4773523807525635 3
1731581668950 1.4765785932540894 3
1731581669049 1.4754635095596313 3
1731581669142 1.4953280687332153 3
1731581669223 1.4882996082305908 3
1731581669318 1.492190957069397 3
1731581669420 1.4986836910247803 3
1731581669555 1.4942538738250732 3
1731581669655 1.4929730892181396 3
1731581669801 1.4847936630249023 3
1731581669937 1.477116584777832 3
1731581670066 1.4933619499206543 3
1731581670163 1.5005249977111816 3
1731581670259 1.48577082157135 4
1731581670380 1.5075639486312866 4
1731581670523 1.490999698638916 4
1731581670639 1.476769208908081 4
1731581670715 1.5005667209625244 4
1731581670786 1.4768846035003662 4
1731581670861 1.4794092178344727 4
1731581670934 1.4827009439468384 4
1731581671004 1.4690361022949219 4
1731581671067 1.4692652225494385 4
1731581671153 1.4652767181396484 4
1731581671271 1.4768071174621582 4
1731581671363 1.4769794940948486 4
1731581671432 1.5008065700531006 4
1731581671522 1.4845623970031738 4
1731581671591 1.4768534898757935 4
1731581671663 1.4758269786834717 4
1731581671751 1.4838632345199585 4
1731581671835 1.492535948753357 4
1731581671934 1.4845877885818481 4
1731581672038 1.4762307405471802 4
1731581672140 1.498585820198059 4
1731581672210 1.5004324913024902 4
1731581672272 1.4631009101867676 4
1731581672338 1.477827548980713 4
1731581672416 1.475339651107788 4
1731581672487 1.4657138586044312 4
1731581672567 1.4770174026489258 4
1731581672642 1.4691118001937866 4
1731581672746 1.4765217304229736 4
1731581672861 1.4688327312469482 4
1731581672944 1.493139624595642 4
1731581673033 1.4682765007019043 4
1731581673103 1.4903674125671387 4
1731581673176 1.4924975633621216 4
1731581673240 1.4928923845291138 4
1731581673312 1.4623706340789795 4
1731581673382 1.4892406463623047 4
1731581673457 1.4768080711364746 4
1731581673518 1.4844781160354614 4
1731581673581 1.5170079469680786 4
1731581673651 1.476278305053711 4
1731581673707 1.4843270778656006 4
1731581673788 1.4611530303955078 4
1731581673865 1.4893219470977783 4
1731581673997 1.484479308128357 4
1731581674081 1.4612205028533936 4
1731581674180 1.4780864715576172 4
1731581674293 1.4741687774658203 4
1731581674424 1.4850293397903442 4
1731581674518 1.470313310623169 4
1731581674638 1.4949008226394653 4
1731581674732 1.4872170686721802 4
1731581674819 1.490152359008789 4
1731581674926 1.47797691822052 4
1731581675011 1.4924477338790894 4
1731581675127 1.4843965768814087 4
1731581675237 1.4618756771087646 4
1731581675350 1.4767485857009888 4
1731581675415 1.466739535331726 4
1731581675500 1.468977689743042 4
1731581675574 1.4739481210708618 4
1731581675639 1.4782418012619019 4
1731581675714 1.5065850019454956 4
1731581675783 1.476940393447876 4
1731581675852 1.4760682582855225 4
1731581675939 1.4931052923202515 4
1731581676036 1.4732586145401 4
1731581676136 1.4806747436523438 4
1731581676244 1.473220705986023 4
1731581676363 1.4630556106567383 4
1731581676479 1.5032694339752197 4
1731581676543 1.4927181005477905 4
1731581676667 1.4690829515457153 4
1731581676743 1.4707509279251099 4
1731581676827 1.4842759370803833 4
1731581676933 1.4844019412994385 4
1731581677040 1.48354971408844 4
1731581677120 1.485064148902893 4
1731581677189 1.5071159601211548 4
1731581677255 1.4823801517486572 4
1731581677325 1.487244963645935 4
1731581677390 1.4722754955291748 4
1731581677459 1.4885907173156738 4
1731581677526 1.4887977838516235 4
1731581677598 1.4924067258834839 4
1731581677664 1.4989315271377563 4
1731581677735 1.4915118217468262 4
1731581677810 1.4699066877365112 4
1731581677882 1.48469877243042 4
1731581677954 1.5042163133621216 4
1731581678022 1.4695056676864624 4
1731581678086 1.4844131469726562 4
1731581678162 1.4690650701522827 4
1731581678229 1.4788212776184082 4
1731581678290 1.4694221019744873 4
1731581678360 1.522215485572815 4
1731581678438 1.4773377180099487 4
1731581678573 1.4927414655685425 4
1731581678676 1.4786815643310547 4
1731581678808 1.4728761911392212 4
1731581678987 1.4845857620239258 4
1731581679103 1.4948351383209229 4
1731581679207 1.4768307209014893 4
1731581679269 1.4908522367477417 4
1731581679334 1.4767779111862183 4
1731581679401 1.4623593091964722 4
1731581679461 1.507187008857727 4
1731581679534 1.4932106733322144 4
1731581679616 1.4753018617630005 4
1731581679721 1.5016216039657593 4
1731581679829 1.4613819122314453 4
1731581679928 1.489553451538086 4
1731581680026 1.4978933334350586 4
1731581680128 1.4708940982818604 4
1731581680242 1.484594702720642 4
1731581680339 1.4851847887039185 4
1731581680450 1.4767793416976929 4
1731581680561 1.4908695220947266 4
1731581680670 1.4828242063522339 4
1731581680794 1.4689593315124512 4
1731581680949 1.4866740703582764 4
1731581681100 1.486865520477295 4
1731581681236 1.4722648859024048 4
1731581681332 1.4799444675445557 4
1731581681454 1.4689676761627197 4
1731581681584 1.509487271308899 4
1731581681669 1.4928604364395142 4
1731581681760 1.48879075050354 4
1731581681889 1.478704571723938 4
1731581682016 1.500266671180725 4
1731581682084 1.4784607887268066 4
1731581682153 1.4927027225494385 4
1731581682232 1.4803682565689087 4
1731581682290 1.4830988645553589 4
1731581682356 1.4893594980239868 4
1731581682430 1.4701074361801147 4
1731581682539 1.4919439554214478 4
1731581682652 1.4925585985183716 4
1731581682724 1.4942151308059692 4
1731581682802 1.4660323858261108 4
1731581682881 1.4885114431381226 4
1731581682988 1.4787847995758057 4
1731581683089 1.4769316911697388 4
1731581683196 1.4626508951187134 4
1731581683289 1.474702000617981 4
1731581683363 1.4754856824874878 4
1731581683435 1.5024954080581665 4
1731581683503 1.470827579498291 4
1731581683636 1.4927016496658325 4
1731581683721 1.484548807144165 4
1731581683842 1.4819908142089844 4
1731581683921 1.482480764389038 4
1731581684014 1.5062191486358643 4
1731581684107 1.4809057712554932 4
1731581684194 1.469218134880066 4
1731581684299 1.465470314025879 4
1731581684397 1.5085266828536987 4
1731581684501 1.4687083959579468 4
1731581684629 1.4621970653533936 4
1731581684701 1.5081281661987305 4
1731581684795 1.4690775871276855 4
1731581684869 1.4844661951065063 4
1731581684947 1.4765546321868896 4
1731581685031 1.4922693967819214 4
1731581685108 1.4759846925735474 4
1731581685183 1.477863073348999 4
1731581685257 1.4923568964004517 4
1731581685335 1.4828532934188843 4
1731581685421 1.481673240661621 4
1731581685495 1.4826884269714355 4
1731581685565 1.487359642982483 4
1731581685636 1.4769939184188843 4
1731581685765 1.4855295419692993 4
1731581685836 1.5000826120376587 4
1731581685903 1.4847415685653687 4
1731581685963 1.4645123481750488 4
1731581686052 1.4884281158447266 4
1731581686182 1.4824036359786987 4
1731581686256 1.4903494119644165 4
1731581686335 1.4845895767211914 4
1731581686402 1.4689927101135254 4
1731581686481 1.47902512550354 4
1731581686562 1.4769182205200195 4
1731581686660 1.4772289991378784 4
1731581686758 1.48200261592865 4
1731581686859 1.5058331489562988 4
1731581686945 1.464942455291748 4
1731581687011 1.4621233940124512 4
1731581687078 1.4706019163131714 4
1731581687152 1.499188780784607 4
1731581687236 1.4718044996261597 4
1731581687303 1.477524757385254 4
1731581687380 1.4773348569869995 4
1731581687448 1.5030303001403809 4
1731581687567 1.476842999458313 4
1731581687634 1.4877970218658447 4
1731581687710 1.4689651727676392 4
1731581687774 1.4790951013565063 4
1731581687837 1.4998810291290283 4
1731581687912 1.5151386260986328 4
1731581687985 1.4915564060211182 4
1731581688057 1.4970147609710693 4
1731581688201 1.4706462621688843 4
1731581688333 1.4752579927444458 4
1731581688401 1.4875359535217285 4
1731581688523 1.4941909313201904 4
1731581688636 1.4657021760940552 4
1731581688785 1.498382568359375 4
1731581688862 1.4664490222930908 4
1731581688945 1.484440565109253 4
1731581689020 1.4917017221450806 4
1731581689103 1.4704357385635376 4
1731581689177 1.4848440885543823 4
1731581689247 1.4846937656402588 4
1731581689316 1.5079582929611206 4
1731581689391 1.492119550704956 4
1731581689461 1.4772956371307373 4
1731581689528 1.4767351150512695 4
1731581689588 1.4977877140045166 4
1731581689652 1.48439621925354 4
1731581689716 1.4768658876419067 4
1731581689786 1.4701905250549316 4
1731581689872 1.4623260498046875 4
1731581689975 1.4844844341278076 4
1731581690094 1.4704293012619019 4
1731581690165 1.478075623512268 4
1731581690234 1.497896671295166 4
1731581690305 1.4769333600997925 4
1731581690371 1.5079401731491089 4
1731581690443 1.4990543127059937 4
1731581690532 1.4785759449005127 4
1731581690667 1.5031894445419312 4
1731581690766 1.476780652999878 4
1731581690852 1.4786572456359863 4
1731581690958 1.4925504922866821 4
1731581691039 1.4941740036010742 4
1731581691165 1.4762390851974487 4
1731581691331 1.4697051048278809 4
1731581691427 1.485211968421936 4
1731581691525 1.4676868915557861 4
1731581691673 1.5068553686141968 4
1731581691775 1.48341965675354 4
1731581691853 1.5230830907821655 4
1731581692025 1.4868966341018677 4
1731581692083 1.4689728021621704 4
1731581692211 1.502573847770691 4
1731581692321 1.5001988410949707 4
1731581692386 1.469571590423584 4
1731581692464 1.5029257535934448 4
1731581692543 1.4690104722976685 4
1731581692627 1.4892704486846924 4
1731581692701 1.4820854663848877 4
1731581692768 1.4962289333343506 4
1731581692833 1.4797627925872803 4
1731581692898 1.497454285621643 4
1731581692967 1.4767976999282837 4
1731581693034 1.4690603017807007 4
1731581693105 1.4842915534973145 4
1731581693170 1.4768284559249878 4
1731581693287 1.48451566696167 4
1731581693385 1.5075435638427734 4
1731581693488 1.469183325767517 4
1731581693569 1.4787973165512085 4
1731581693687 1.4993630647659302 4
1731581693822 1.46924889087677 4
1731581693905 1.4760493040084839 4
1731581694029 1.4871894121170044 4
1731581694121 1.5041300058364868 4
1731581694200 1.4689627885818481 4
1731581694266 1.482303261756897 4
1731581694330 1.4719040393829346 4
1731581694390 1.476733922958374 4
1731581694468 1.4683090448379517 4
1731581694547 1.4893858432769775 4
1731581694616 1.4722344875335693 4
1731581694689 1.506348729133606 4
1731581694758 1.5001318454742432 4
1731581694825 1.5353903770446777 4
1731581694903 1.502492904663086 4
1731581694993 1.4743103981018066 4
1731581695107 1.500929355621338 4
1731581695210 1.4706099033355713 4
1731581695325 1.4790018796920776 4
1731581695400 1.469138741493225 4
1731581695519 1.4692620038986206 4
1731581695639 1.4731078147888184 4
1731581695717 1.4981319904327393 4
1731581695781 1.4771019220352173 4
1731581695846 1.4614518880844116 4
1731581695914 1.482768177986145 4
1731581696005 1.5166393518447876 4
1731581696073 1.4816303253173828 4
1731581696145 1.5112135410308838 4
1731581696211 1.4768069982528687 4
1731581696292 1.5011022090911865 4
1731581696368 1.4766812324523926 4
1731581696438 1.50246262550354 4
1731581696519 1.4696085453033447 4
1731581696617 1.4697649478912354 4
1731581696703 1.4846601486206055 4
1731581696826 1.467897891998291 4
1731581696936 1.4824864864349365 4
1731581697070 1.484668254852295 4
1731581697141 1.5002427101135254 4
1731581697250 1.4923038482666016 4
1731581697358 1.5063716173171997 4
1731581697449 1.4823077917099 4
1731581697522 1.4785104990005493 4
1731581697596 1.4846429824829102 4
1731581697731 1.4767377376556396 4
1731581697830 1.4704874753952026 4
1731581697935 1.4992012977600098 4
1731581698017 1.4767705202102661 4
1731581698087 1.470501184463501 4
1731581698203 1.4854689836502075 4
1731581698303 1.4625400304794312 4
1731581698420 1.4930710792541504 4
1731581698495 1.4677436351776123 4
1731581698594 1.4746959209442139 4
1731581698660 1.4921185970306396 4
1731581698725 1.508036732673645 4
1731581698799 1.4693353176116943 4
1731581698871 1.4691458940505981 4
1731581698956 1.4801714420318604 4
1731581699055 1.476912260055542 4
1731581699124 1.4614921808242798 4
1731581699190 1.5179533958435059 4
1731581699277 1.5223917961120605 4
1731581699390 1.483590841293335 4
1731581699496 1.4925094842910767 4
1731581699578 1.4611514806747437 4
1731581699654 1.4815524816513062 4
1731581699749 1.5085207223892212 4
1731581699847 1.4960252046585083 4
1731581699967 1.47764253616333 4
1731581700094 1.483939528465271 4
1731581700216 1.4901193380355835 4
1731581700355 1.5157800912857056 4
1731581700456 1.4852896928787231 4
1731581700547 1.4647926092147827 4
1731581700651 1.4771801233291626 4
1731581700755 1.4772567749023438 4
1731581700881 1.4755303859710693 4
1731581700978 1.503970980644226 4
1731581701056 1.4779976606369019 4
1731581701130 1.492594838142395 4
1731581701197 1.492672324180603 4
1731581701268 1.4611825942993164 4
1731581701340 1.5470013618469238 4
1731581701409 1.487061619758606 4
1731581701473 1.4799340963363647 4
1731581701540 1.4776681661605835 4
1731581701610 1.4846984148025513 4
1731581701696 1.5075899362564087 4
1731581701796 1.4954965114593506 4
1731581701923 1.4918403625488281 4
1731581702045 1.5074809789657593 4
1731581702164 1.477675199508667 4
1731581702285 1.4769439697265625 4
1731581702356 1.5035065412521362 4
1731581702433 1.491608738899231 4
1731581702502 1.5074303150177002 4
1731581702571 1.4796184301376343 4
1731581702640 1.461520791053772 4
1731581702714 1.4723923206329346 4
1731581702775 1.4734961986541748 4
1731581702833 1.476792335510254 4
1731581702918 1.4767756462097168 4
1731581703000 1.4632960557937622 4
1731581703073 1.4738893508911133 4
1731581703142 1.4698481559753418 4
1731581703222 1.4921326637268066 4
1731581703287 1.4933580160140991 4
1731581703352 1.4689656496047974 4
1731581703419 1.4704052209854126 4
1731581703493 1.4836829900741577 4
1731581703611 1.5014432668685913 4
1731581703705 1.485211730003357 4
1731581703826 1.4767060279846191 4
1731581703911 1.4709439277648926 4
1731581703986 1.4991170167922974 4
1731581704061 1.4999465942382812 4
1731581704133 1.4670944213867188 4
1731581704199 1.4839777946472168 4
1731581704279 1.4927434921264648 4
1731581704353 1.4700069427490234 4
1731581704413 1.5039198398590088 4
1731581704480 1.4752225875854492 4
1731581704561 1.4694774150848389 4
1731581704644 1.4689847230911255 4
1731581704778 1.5041351318359375 4
1731581704882 1.4845829010009766 4
1731581704966 1.4695290327072144 4
1731581705066 1.4675205945968628 4
1731581705173 1.4763696193695068 4
1731581705277 1.4826372861862183 4
1731581705349 1.4918022155761719 4
1731581705416 1.478849172592163 4
1731581705488 1.5134637355804443 4
1731581705551 1.492434024810791 4
1731581705628 1.503677487373352 4
1731581705697 1.4880553483963013 4
1731581705768 1.499220371246338 4
1731581705843 1.4760311841964722 4
1731581706027 1.4893393516540527 4
1731581706085 1.4843072891235352 4
1731581706149 1.474808931350708 4
1731581706211 1.477097988128662 4
1731581706274 1.492793083190918 4
1731581706355 1.4886798858642578 4
1731581706419 1.477150321006775 4
1731581706494 1.4765050411224365 4
1731581706570 1.4787893295288086 4
1731581706644 1.528559684753418 4
1731581706732 1.4925224781036377 4
1731581706800 1.476855754852295 4
1731581706882 1.4775378704071045 4
1731581706957 1.4687684774398804 4
1731581707058 1.4764357805252075 4
1731581707176 1.4790674448013306 4
1731581707286 1.4800876379013062 4
1731581707404 1.4862861633300781 4
1731581707514 1.5075557231903076 4
1731581707648 1.492621898651123 4
1731581707751 1.489566683769226 4
1731581707857 1.484519600868225 4
1731581707962 1.4767035245895386 4
1731581708093 1.4861223697662354 4
1731581708184 1.5189825296401978 4
1731581708345 1.4861594438552856 4
1731581708423 1.4835736751556396 4
1731581708491 1.4863933324813843 4
1731581708558 1.4920389652252197 4
1731581708627 1.4805420637130737 4
1731581708753 1.4874420166015625 4
1731581708891 1.4675003290176392 4
1731581709064 1.4860641956329346 4
1731581709138 1.4993178844451904 4
1731581709218 1.5138509273529053 4
1731581709299 1.501116394996643 4
1731581709416 1.4768319129943848 4
1731581709506 1.4766268730163574 4
1731581709597 1.4996758699417114 4
1731581709709 1.4691742658615112 4
1731581709832 1.4769234657287598 4
1731581709933 1.4771217107772827 4
1731581710026 1.461269736289978 4
1731581710114 1.4689589738845825 4
1731581710190 1.4895344972610474 4
1731581710260 1.486881971359253 4
1731581710380 1.4846495389938354 4
1731581710457 1.4690849781036377 4
1731581710527 1.5153045654296875 4
1731581710604 1.484498381614685 4
1731581710677 1.4927456378936768 4
1731581710745 1.490994930267334 4
1731581710843 1.4713915586471558 4
1731581710925 1.514513611793518 4
1731581711019 1.4766762256622314 4
1731581711098 1.4924094676971436 4
1731581711173 1.5332393646240234 4
1731581711241 1.476766586303711 4
1731581711309 1.4833968877792358 4
1731581711384 1.468195915222168 4
1731581711478 1.4713265895843506 4
1731581711547 1.4928340911865234 4
1731581711640 1.4849847555160522 4
1731581711755 1.5124897956848145 4
