1731585049041 2.302809000015259 0
1731585049182 2.296889543533325 0
1731585049237 2.2968101501464844 0
1731585049326 2.247528314590454 0
1731585049506 2.1440107822418213 0
1731585049584 2.119774341583252 0
1731585049629 2.156888484954834 0
1731585049667 2.0688343048095703 0
1731585049709 2.079282522201538 0
1731585049748 2.0580742359161377 0
1731585049790 2.0720467567443848 0
1731585049836 1.9734282493591309 0
1731585049921 1.928709864616394 0
1731585049965 1.896316409111023 0
1731585050022 1.8372691869735718 0
1731585050081 1.9157423973083496 0
1731585050133 1.8434691429138184 0
1731585050260 1.8677570819854736 0
1731585050489 1.9277384281158447 0
1731585050553 1.863161563873291 0
1731585050604 1.9317517280578613 0
1731585050651 1.815548300743103 0
1731585050714 1.9045677185058594 0
1731585050760 1.8449608087539673 0
1731585050919 1.8714779615402222 0
1731585050985 1.781368613243103 0
1731585051088 1.8282296657562256 0
1731585051171 1.7756034135818481 0
1731585051264 1.8096469640731812 0
1731585051317 1.7661268711090088 0
1731585051392 1.7634906768798828 0
1731585051566 1.7471344470977783 0
1731585051631 1.7867200374603271 0
1731585051703 1.741133451461792 0
1731585051750 1.7999919652938843 0
1731585051787 1.83318030834198 0
1731585051825 1.7848155498504639 0
1731585051873 1.729065179824829 0
1731585051920 1.7335963249206543 0
1731585051970 1.7434673309326172 0
1731585052016 1.6788134574890137 0
1731585052100 1.7853320837020874 0
1731585052141 1.691941738128662 0
1731585052207 1.794573187828064 0
1731585052244 1.7903250455856323 0
1731585052288 1.7880882024765015 0
1731585052329 1.7521065473556519 0
1731585052376 1.7954442501068115 0
1731585052441 1.8360813856124878 0
1731585052491 1.7353497743606567 0
1731585052610 1.7327990531921387 0
1731585052718 1.7352923154830933 0
1731585052767 1.671730399131775 0
1731585052809 1.930034875869751 0
1731585052860 1.72565495967865 0
1731585052909 1.7305598258972168 0
1731585052984 1.6200428009033203 0
1731585053041 1.7932405471801758 0
1731585053100 1.7099055051803589 0
1731585053143 1.7522788047790527 0
1731585053182 1.766891598701477 0
1731585053222 1.8372825384140015 0
1731585053262 1.6883318424224854 0
1731585053304 1.758337140083313 0
1731585053346 1.7255498170852661 0
1731585053385 1.7485196590423584 0
1731585053423 1.7241129875183105 0
1731585053462 1.6902766227722168 0
1731585053501 1.747697114944458 0
1731585053538 1.7400790452957153 0
1731585053583 1.7814388275146484 0
1731585053639 1.6623181104660034 0
1731585053684 1.7939841747283936 0
1731585053734 1.687009334564209 0
1731585053767 1.7700194120407104 0
1731585053805 1.67533540725708 0
1731585053874 1.7243188619613647 0
1731585053951 1.7074623107910156 0
1731585054025 1.7711985111236572 0
1731585054097 1.8138598203659058 0
1731585054152 1.864728569984436 0
1731585054196 1.6484894752502441 0
1731585054240 1.700830340385437 0
1731585054294 1.7637672424316406 0
1731585054472 1.73289155960083 0
1731585054558 1.7384570837020874 0
1731585054599 1.7378685474395752 0
1731585054633 1.625065803527832 0
1731585054730 1.8457715511322021 0
1731585054805 1.7745267152786255 0
1731585054862 1.6600037813186646 0
1731585054940 1.7494128942489624 0
1731585055200 1.6940860748291016 0
1731585055373 1.7698025703430176 0
1731585055569 1.754690170288086 0
1731585055663 1.7559410333633423 0
1731585055736 1.652687907218933 0
1731585055838 1.734574556350708 0
1731585055922 1.7994928359985352 0
1731585056011 1.7445487976074219 0
1731585056076 1.676580786705017 0
1731585056154 1.7275041341781616 0
1731585056303 1.705410122871399 0
1731585056350 1.7363227605819702 0
1731585056415 1.7675923109054565 0
1731585056488 1.735335350036621 0
1731585056535 1.6918396949768066 0
1731585056622 1.7571882009506226 0
1731585056704 1.7171283960342407 0
1731585056808 1.7413959503173828 0
1731585056862 1.7415021657943726 0
1731585056907 1.6941626071929932 0
1731585056979 1.6976089477539062 0
1731585057059 1.6417791843414307 0
1731585057159 1.7400554418563843 0
1731585057305 1.7273736000061035 0
1731585057349 1.6176834106445312 0
1731585057387 1.7100635766983032 0
1731585057420 1.7031747102737427 0
1731585057488 1.7438476085662842 0
1731585057529 1.7850871086120605 0
1731585057592 1.7135097980499268 0
1731585057658 1.7615556716918945 0
1731585057763 1.677532434463501 0
1731585057938 1.8172028064727783 0
1731585058038 1.7650620937347412 0
1731585058115 1.6376093626022339 0
1731585058182 1.7246347665786743 0
1731585058242 1.7606898546218872 0
1731585058283 1.7016104459762573 0
1731585058357 1.6881070137023926 0
1731585058434 1.8049330711364746 0
1731585058539 1.7649699449539185 0
1731585058640 1.7080433368682861 0
1731585058697 1.7002623081207275 0
1731585058760 1.6957063674926758 0
1731585058811 1.7319592237472534 0
1731585058859 1.656197190284729 0
1731585058907 1.676012396812439 0
1731585059004 1.7990403175354004 0
1731585059081 1.7312027215957642 0
1731585059190 1.6790424585342407 0
1731585059280 1.7182620763778687 0
1731585059381 1.7840728759765625 0
1731585059456 1.7482283115386963 0
1731585059581 1.6948761940002441 0
1731585059654 1.7048969268798828 0
1731585059709 1.7793335914611816 0
1731585059787 1.8166747093200684 0
1731585059838 1.7105331420898438 0
1731585059889 1.8003445863723755 0
1731585059940 1.794215202331543 0
1731585060000 1.6243982315063477 0
1731585060166 1.7341569662094116 0
1731585060299 1.7859587669372559 0
1731585060354 1.7921053171157837 0
1731585060470 1.6662743091583252 0
1731585060533 1.5909738540649414 0
1731585060613 1.6687971353530884 0
1731585060665 1.6597923040390015 0
1731585060737 1.630658745765686 0
1731585060829 1.7308140993118286 0
1731585060962 1.6717567443847656 0
1731585061033 1.6711223125457764 0
1731585061163 1.6570638418197632 0
1731585061246 1.6570218801498413 0
1731585061361 1.7110611200332642 0
1731585061420 1.6527693271636963 0
1731585061473 1.7834254503250122 0
1731585061523 1.6685718297958374 0
1731585061582 1.6578315496444702 0
1731585061665 1.6057974100112915 0
1731585061769 1.7680699825286865 0
1731585061829 1.6270503997802734 0
1731585061920 1.5370804071426392 0
1731585061989 1.6338616609573364 0
1731585062143 1.570073127746582 0
1731585062220 1.6067190170288086 0
1731585062315 1.667704701423645 0
1731585062409 1.6632816791534424 0
1731585062504 1.6816109418869019 0
1731585062645 1.6749464273452759 0
1731585062748 1.6647045612335205 0
1731585062838 1.5530612468719482 0
1731585062951 1.68650221824646 0
1731585063012 1.611577033996582 0
1731585063071 1.6372431516647339 0
1731585063145 1.6012693643569946 0
1731585063223 1.604841709136963 0
1731585063324 1.6095741987228394 0
1731585063405 1.750816822052002 0
1731585063556 1.5984686613082886 0
1731585063647 1.6886736154556274 0
1731585063744 1.657772421836853 0
1731585063838 1.6243481636047363 0
1731585063907 1.600738286972046 0
1731585063991 1.6366395950317383 0
1731585064057 1.547609567642212 0
1731585064113 1.6427991390228271 0
1731585064232 1.6255643367767334 0
1731585064369 1.6299444437026978 0
1731585064487 1.5756667852401733 0
1731585064602 1.6165409088134766 0
1731585064649 1.62874436378479 0
1731585064724 1.5959770679473877 0
1731585064773 1.6104388236999512 0
1731585064844 1.6555887460708618 0
1731585064898 1.6223814487457275 0
1731585064947 1.6423163414001465 0
1731585064998 1.6294687986373901 0
1731585065039 1.6792571544647217 0
1731585065094 1.6681545972824097 0
1731585065135 1.624143123626709 0
1731585065188 1.6076726913452148 0
1731585065254 1.5728845596313477 0
1731585065326 1.6772661209106445 0
1731585065407 1.5855157375335693 0
1731585065497 1.5834715366363525 0
1731585065596 1.6768155097961426 0
1731585065663 1.673614501953125 0
1731585065726 1.6082422733306885 0
1731585065812 1.602898359298706 0
1731585065956 1.6322815418243408 0
1731585066049 1.6146669387817383 0
1731585066112 1.5704752206802368 0
1731585066228 1.66066312789917 0
1731585066299 1.6082346439361572 0
1731585066341 1.6210660934448242 0
1731585066402 1.624319314956665 0
1731585066466 1.646896481513977 0
1731585066529 1.67025625705719 0
1731585066633 1.5688267946243286 0
1731585066710 1.7207173109054565 0
1731585066786 1.581262469291687 0
1731585066924 1.603576421737671 0
1731585067065 1.548819899559021 0
1731585067136 1.654763102531433 0
1731585067212 1.7109483480453491 0
1731585067271 1.6355279684066772 0
1731585067322 1.609935998916626 0
1731585067388 1.6684467792510986 0
1731585067438 1.7113094329833984 0
1731585067539 1.636231780052185 0
1731585067596 1.6032249927520752 0
1731585067648 1.5618913173675537 0
1731585067696 1.6208288669586182 0
1731585067743 1.6139806509017944 0
1731585067804 1.6200531721115112 0
1731585067855 1.5758682489395142 0
1731585067911 1.6080597639083862 0
1731585067974 1.6084506511688232 0
1731585068038 1.6325007677078247 0
1731585068105 1.6709650754928589 0
1731585068248 1.6655683517456055 0
1731585068421 1.6006810665130615 0
1731585068544 1.581424355506897 0
1731585068646 1.5707873106002808 0
1731585068742 1.5486811399459839 0
1731585068886 1.6392782926559448 0
1731585069014 1.620579481124878 0
1731585069090 1.643823504447937 0
1731585069192 1.646096110343933 0
1731585069288 1.6753225326538086 0
1731585069339 1.649284839630127 0
1731585069390 1.6057521104812622 0
1731585069469 1.6370023488998413 0
1731585069572 1.6776543855667114 0
1731585069716 1.63811457157135 0
1731585069782 1.564632534980774 0
1731585069839 1.534214735031128 0
1731585069896 1.5885100364685059 0
1731585069962 1.6131796836853027 0
1731585070010 1.622570276260376 0
1731585070109 1.5738097429275513 0
1731585070317 1.6045628786087036 0
1731585070381 1.6209135055541992 0
1731585070522 1.6503441333770752 0
1731585070610 1.6507892608642578 0
1731585070717 1.5798537731170654 0
1731585070812 1.6045589447021484 0
1731585070918 1.5541043281555176 0
1731585071079 1.708853840827942 0
1731585071165 1.5753706693649292 0
1731585071254 1.5678160190582275 0
1731585071350 1.606997013092041 0
1731585071445 1.6282843351364136 0
1731585071553 1.5320550203323364 0
1731585071741 1.6455098390579224 0
1731585071847 1.5717912912368774 0
1731585071945 1.6397960186004639 0
1731585072027 1.6224956512451172 0
1731585072147 1.5920145511627197 0
1731585072243 1.6532535552978516 0
1731585072427 1.6140093803405762 0
1731585072688 1.6361433267593384 0
1731585072762 1.5860575437545776 0
1731585072837 1.651716709136963 0
1731585073002 1.5484720468521118 0
1731585073088 1.690629482269287 0
1731585073161 1.6875784397125244 0
1731585073206 1.6586941480636597 0
1731585073325 1.6855798959732056 0
1731585073423 1.731852412223816 0
1731585073511 1.581858515739441 0
1731585073640 1.5878443717956543 0
1731585073730 1.6665334701538086 0
1731585073792 1.593936562538147 0
1731585073837 1.6741646528244019 0
1731585073920 1.5870643854141235 0
1731585073973 1.5933910608291626 0
1731585074021 1.5678187608718872 0
1731585074073 1.5753346681594849 0
1731585074154 1.632037878036499 0
1731585074247 1.622947335243225 0
1731585074366 1.674700140953064 0
1731585074430 1.6474759578704834 0
1731585074548 1.6094915866851807 0
1731585074676 1.658873438835144 0
1731585074728 1.674412488937378 0
1731585074780 1.6307284832000732 0
1731585074928 1.6371222734451294 0
1731585075023 1.5868924856185913 0
1731585075337 1.6707639694213867 0
1731585075675 1.6030464172363281 0
1731585076190 1.6224758625030518 0
1731585076591 1.5945510864257812 0
1731585076992 1.6589927673339844 0
1731585077292 1.644186019897461 0
