1731585218841 1.7178915825479828 0
1731585301259 1.5042988483839705 1
1731585396490 1.4878743975909787 2
1731585491293 1.481608518023989 3
1731585579426 1.4785953291189442 4
1731585672807 1.4758885654050913 5
1731585766953 1.4737325098468805 6
1731585851903 1.4720442054876641 7
1731585935041 1.4706740995714151 8
1731586011650 1.4697134047428937 9
1731586086549 1.4693191876289433 10
1731586164855 1.4681467460925137 11
1731586246762 1.467952175943582 12
1731586326997 1.4672795391794462 13
1731586451248 1.4672454905662455 14
1731586572341 1.466674337127824 15
1731586677808 1.4662593473503585 16
1731586782053 1.466322604654186 17
1731586859346 1.4660279496646385 18
1731586940137 1.4660101918015145 19
