1731534044704 2.301889657974243 0
1731534044866 2.3002498149871826 0
1731534044978 2.2999706268310547 0
1731534045091 2.303804397583008 0
1731534045256 2.300896644592285 0
1731534045381 2.300523519515991 0
1731534045445 2.299159288406372 0
1731534045585 2.3001062870025635 0
1731534045731 2.2996692657470703 0
1731534045883 2.295896053314209 0
1731534045976 2.293487310409546 0
1731534046062 2.2973709106445312 0
1731534046201 2.295053482055664 0
1731534046369 2.3000144958496094 0
1731534046446 2.2944815158843994 0
1731534046554 2.2956931591033936 0
1731534046768 2.293761968612671 0
1731534046886 2.295433521270752 0
1731534047050 2.293794631958008 0
1731534047222 2.291666269302368 0
1731534047604 2.2930076122283936 0
1731534047814 2.2927420139312744 0
1731534048073 2.288815498352051 0
1731534048175 2.2893435955047607 0
1731534048343 2.2860186100006104 0
1731534048441 2.2887508869171143 0
1731534048487 2.285590887069702 0
1731534048565 2.2867884635925293 0
1731534048699 2.2797133922576904 0
1731534048778 2.2805118560791016 0
1731534048854 2.2885935306549072 0
1731534049056 2.2834701538085938 0
1731534049128 2.278200626373291 0
1731534049289 2.2802274227142334 0
1731534049473 2.279851198196411 0
1731534049537 2.278748035430908 0
1731534049608 2.2772514820098877 0
1731534049720 2.272765636444092 0
1731534049800 2.2747249603271484 0
1731534049927 2.2725813388824463 0
1731534050003 2.273338556289673 0
1731534050166 2.2687265872955322 0
1731534050317 2.2763445377349854 0
1731534050476 2.266629219055176 0
1731534050525 2.2715094089508057 0
1731534050613 2.269508123397827 0
1731534050833 2.2588586807250977 0
1731534050884 2.2530484199523926 0
1731534050990 2.254190444946289 0
1731534051062 2.2584586143493652 0
1731534051236 2.2666568756103516 0
1731534051325 2.2512106895446777 0
1731534051378 2.270169496536255 0
1731534051446 2.265497922897339 0
1731534051523 2.25346040725708 0
1731534051582 2.262944221496582 0
1731534051633 2.262119770050049 0
1731534051701 2.253941297531128 0
1731534051781 2.2506723403930664 0
1731534051839 2.2306833267211914 0
1731534051962 2.2554194927215576 0
1731534052081 2.2477335929870605 0
1731534052176 2.2381293773651123 0
1731534052376 2.2346084117889404 0
1731534052464 2.2613630294799805 0
1731534052661 2.239290475845337 0
1731534052737 2.2435853481292725 0
1731534052830 2.226125717163086 0
1731534053079 2.223264694213867 0
1731534053197 2.2347371578216553 0
1731534053481 2.2215397357940674 0
1731534053590 2.2358932495117188 0
1731534053752 2.2301106452941895 0
1731534053874 2.2376346588134766 0
1731534053985 2.215069532394409 0
1731534054037 2.2267041206359863 0
1731534054106 2.191999912261963 0
1731534054158 2.2026138305664062 0
1731534054246 2.219212770462036 0
1731534054334 2.2187249660491943 0
1731534054431 2.2183737754821777 0
1731534054495 2.217895030975342 0
1731534054588 2.2190823554992676 0
1731534054640 2.226095676422119 0
1731534054721 2.2011559009552 0
1731534054849 2.22267746925354 0
1731534054942 2.202402114868164 0
1731534055070 2.2125885486602783 0
1731534055261 2.214433193206787 0
1731534055341 2.198528528213501 0
1731534055428 2.212719202041626 0
1731534055502 2.1913676261901855 0
1731534055652 2.2123520374298096 0
1731534055707 2.1885623931884766 0
1731534055755 2.1914172172546387 0
1731534055894 2.1807050704956055 0
1731534056078 2.166563034057617 0
1731534056211 2.2314186096191406 0
1731534056277 2.1872265338897705 0
1731534056358 2.2140135765075684 0
1731534056506 2.170706272125244 0
1731534056635 2.188852548599243 0
1731534056793 2.149989128112793 0
1731534056973 2.179962158203125 0
1731534057064 2.2158355712890625 0
1731534057123 2.1708033084869385 0
1731534057232 2.1795654296875 0
1731534057397 2.1827869415283203 0
1731534057534 2.180319309234619 0
1731534057634 2.1744935512542725 0
1731534057690 2.1565263271331787 0
1731534057752 2.1507151126861572 0
1731534057848 2.1551103591918945 0
1731534057910 2.1669111251831055 0
1731534057978 2.1726062297821045 0
1731534058052 2.1666603088378906 0
1731534058160 2.163109064102173 0
1731534058216 2.1762900352478027 0
1731534058280 2.1598927974700928 0
1731534058406 2.124669075012207 0
1731534058465 2.1701595783233643 0
1731534058540 2.1343586444854736 0
1731534058604 2.139587879180908 0
1731534058726 2.152466058731079 0
1731534058871 2.157670021057129 0
1731534058939 2.149040460586548 0
1731534059007 2.143589735031128 0
1731534059121 2.1625049114227295 0
1731534059327 2.1256937980651855 0
1731534059423 2.1288750171661377 0
1731534059489 2.1432933807373047 0
1731534059585 2.1388537883758545 0
1731534059748 2.1217830181121826 0
1731534059874 2.099853992462158 0
1731534060023 2.143923759460449 0
1731534060183 2.1392011642456055 0
1731534060302 2.149731397628784 0
1731534060375 2.1213886737823486 0
1731534060456 2.1201517581939697 0
1731534060525 2.111470937728882 0
1731534060601 2.090646505355835 0
1731534060698 2.081751585006714 0
1731534060745 2.106553554534912 0
1731534060840 2.1273107528686523 0
1731534060972 2.0790395736694336 0
1731534061175 2.1264140605926514 0
1731534061280 2.1435303688049316 0
1731534061380 2.1258633136749268 0
1731534061436 2.061065435409546 0
1731534061489 2.0930233001708984 0
1731534061555 2.1280367374420166 0
1731534061615 2.1026997566223145 0
1731534061688 2.0990729331970215 0
1731534061766 2.093400716781616 0
1731534061818 2.0553064346313477 0
1731534061874 2.110062837600708 0
1731534061964 2.095090627670288 0
1731534062060 2.0674619674682617 0
1731534062112 2.1071224212646484 0
1731534062264 2.0605928897857666 0
1731534062409 2.0679776668548584 0
1731534062465 2.0729012489318848 0
1731534062518 2.105287551879883 0
1731534062586 2.0081300735473633 0
1731534062667 2.0173864364624023 0
1731534062727 2.0744543075561523 0
1731534062786 2.109825611114502 0
1731534062866 2.0639257431030273 0
1731534063024 2.0725185871124268 0
1731534063316 2.018547773361206 0
1731534063505 2.1126911640167236 0
1731534063569 2.0560686588287354 0
1731534063680 2.0669374465942383 0
1731534063810 2.050551652908325 0
1731534063921 2.043060064315796 0
1731534064004 2.093874454498291 0
1731534064106 2.065890073776245 0
1731534064174 2.0346405506134033 0
1731534064246 2.0944149494171143 0
1731534064437 2.01470947265625 0
1731534064571 2.078676462173462 0
1731534064727 2.008070230484009 0
1731534064959 2.019728660583496 0
1731534065026 2.04613995552063 0
1731534065110 2.032550096511841 0
1731534065337 2.001065254211426 0
1731534065482 1.9778319597244263 0
1731534065592 2.066610336303711 0
1731534065743 2.0631964206695557 0
1731534065959 2.0656116008758545 0
1731534066080 2.019096612930298 0
1731534066300 1.9831475019454956 0
1731534066459 2.045668363571167 0
1731534066508 2.0478482246398926 0
1731534066565 2.0542664527893066 0
1731534066614 2.0374701023101807 0
1731534066672 2.0287907123565674 0
1731534066723 2.0744121074676514 0
1731534066766 2.04170560836792 0
1731534066871 2.027231454849243 0
1731534066951 2.0639519691467285 0
1731534067084 2.0261764526367188 0
1731534067218 1.9745988845825195 0
1731534067374 2.0606791973114014 0
1731534067574 2.0245940685272217 0
1731534067632 2.013855457305908 0
1731534067705 2.0276994705200195 0
1731534067792 1.9843785762786865 0
1731534067884 1.9983757734298706 0
1731534067943 1.9819117784500122 0
1731534068076 2.0540106296539307 0
1731534068181 2.03874135017395 0
1731534068284 1.9849658012390137 0
1731534068359 2.080383777618408 0
1731534068461 1.9970722198486328 0
1731534068536 1.9624472856521606 0
1731534068616 2.018659830093384 0
1731534068667 1.9763538837432861 0
1731534068756 2.0004734992980957 0
1731534068837 2.0024492740631104 0
1731534068906 1.9863522052764893 0
1731534068949 1.9904327392578125 0
1731534069006 1.9612939357757568 0
1731534069092 1.990875005722046 0
1731534069140 1.9870340824127197 0
1731534069287 1.980181097984314 0
1731534069435 1.9529591798782349 0
1731534069504 1.9851288795471191 0
1731534069597 2.000727653503418 0
1731534069667 2.001654863357544 0
1731534069715 2.038214921951294 0
1731534069789 2.0444259643554688 0
1731534069913 1.9866091012954712 0
1731534070033 1.9556714296340942 0
1731534070081 2.011695623397827 0
1731534070126 1.9641525745391846 0
1731534070251 2.0231852531433105 0
1731534070317 1.9164183139801025 0
1731534070384 2.0086638927459717 0
1731534070446 1.9474283456802368 0
1731534070512 1.9845538139343262 0
1731534070573 1.9636163711547852 0
1731534070784 2.0139353275299072 0
1731534070834 1.99246084690094 0
1731534070886 1.9829999208450317 0
1731534071019 2.003608226776123 0
1731534071238 1.9937306642532349 0
1731534071298 1.9963246583938599 0
1731534071386 1.994909644126892 0
1731534071472 1.9421306848526 0
1731534071541 1.9338605403900146 0
1731534071592 2.0007643699645996 0
1731534071668 1.9414037466049194 0
1731534071761 1.9442365169525146 0
1731534071886 2.003573179244995 0
1731534072041 2.0180017948150635 0
1731534072130 2.013758420944214 0
1731534072203 2.0637094974517822 0
1731534072251 1.9529554843902588 0
1731534072320 1.9228031635284424 0
1731534072388 1.9695496559143066 0
1731534072471 1.9689970016479492 0
1731534072535 1.975967526435852 0
1731534072662 1.922639012336731 0
1731534072732 1.949175238609314 0
1731534072806 1.8984942436218262 0
1731534072883 1.963852882385254 0
1731534072954 1.9548101425170898 0
1731534073043 1.9794288873672485 0
1731534073174 1.9096620082855225 0
1731534073237 2.0008490085601807 0
1731534073301 1.9657772779464722 0
1731534073345 1.9401623010635376 0
1731534073405 1.972752571105957 0
1731534073480 2.0015313625335693 0
1731534073562 1.998189091682434 0
1731534073612 1.9535367488861084 0
1731534073690 1.995784878730774 0
1731534073827 1.8977574110031128 0
1731534073904 1.9541701078414917 0
1731534074175 2.0146594047546387 0
1731534074358 1.9946709871292114 0
1731534074421 1.9540059566497803 0
1731534074509 1.9405802488327026 0
1731534074688 1.9709413051605225 0
1731534074747 1.8876761198043823 0
1731534074833 1.9748955965042114 0
1731534074983 1.9405889511108398 0
1731534075106 1.9661104679107666 0
1731534075237 1.9570685625076294 0
1731534075313 1.9734315872192383 0
1731534075430 1.9312236309051514 0
1731534075524 1.960167407989502 0
1731534075696 1.889172077178955 0
1731534075803 1.9308894872665405 0
1731534075872 1.912086844444275 0
1731534075930 1.9614237546920776 0
1731534075970 1.9879422187805176 0
1731534076045 1.9388117790222168 0
1731534076113 1.9545872211456299 0
1731534076204 1.9524556398391724 0
1731534076269 1.9159932136535645 0
1731534076382 1.949408769607544 0
1731534076538 1.9757548570632935 0
1731534076621 1.978734016418457 0
1731534076671 1.9905569553375244 0
1731534076746 2.0069773197174072 0
1731534076818 1.9123432636260986 0
1731534076878 1.8671656847000122 0
1731534076933 1.9485328197479248 0
1731534076977 1.986769437789917 0
1731534077020 1.9607503414154053 0
1731534077107 1.928907871246338 0
1731534077248 1.937069058418274 0
1731534077352 1.9071680307388306 0
1731534077459 1.9762282371520996 0
1731534077619 1.9874389171600342 0
1731534077735 1.955190658569336 0
1731534077829 1.9691001176834106 0
1731534077893 1.8964734077453613 0
1731534077979 1.894945740699768 0
1731534078049 1.9454491138458252 0
1731534078124 1.8752738237380981 0
1731534078235 1.8967615365982056 0
1731534078306 1.933832049369812 0
1731534078391 1.9750689268112183 0
1731534078458 1.9228781461715698 0
1731534078576 1.8794476985931396 0
1731534078635 1.8620922565460205 0
1731534078745 1.9020872116088867 0
1731534078916 1.9703510999679565 0
1731534079242 1.9539021253585815 0
1731534079329 1.8961107730865479 0
1731534079412 1.9494574069976807 0
1731534079708 1.9147090911865234 0
1731534080073 1.972761631011963 0
1731534080267 1.9541112184524536 0
1731534080343 1.925600290298462 0
1731534080450 1.9286874532699585 0
1731534080729 1.9814039468765259 0
1731534080866 1.8691593408584595 0
1731534081004 1.9366251230239868 0
1731534081358 1.8875818252563477 0
1731534081486 1.9241352081298828 0
1731534081727 1.888700246810913 0
1731534081810 1.8996981382369995 0
1731534081880 1.9196789264678955 0
1731534081963 1.9173415899276733 0
1731534082060 1.9144761562347412 0
1731534082146 1.9320127964019775 0
1731534082315 1.8844155073165894 0
1731534082548 1.937533974647522 0
1731534082803 1.8951387405395508 0
1731534082891 1.9075145721435547 0
1731534082996 1.9618632793426514 0
1731534083099 1.9359817504882812 0
1731534083182 1.939386248588562 0
1731534083244 1.9006212949752808 0
1731534083310 1.875535249710083 0
1731534083406 1.8965098857879639 0
1731534083515 1.8837283849716187 0
1731534083621 1.8594387769699097 0
1731534083742 1.8525220155715942 0
1731534083865 1.899524211883545 0
1731534084005 1.8712692260742188 0
1731534084148 1.8328711986541748 0
1731534084209 1.8838120698928833 0
1731534084306 1.8503631353378296 0
1731534084417 1.87874436378479 0
1731534084472 1.8612650632858276 0
1731534084550 1.9094663858413696 0
1731534084858 1.8769668340682983 0
1731534085029 1.8719385862350464 0
1731534085138 1.8739274740219116 0
1731534085421 1.9128597974777222 0
1731534085680 1.9223138093948364 0
1731534085754 1.8538486957550049 0
1731534085952 1.9057179689407349 0
1731534086071 1.862671136856079 0
1731534086126 1.9006112813949585 0
1731534086207 1.9536808729171753 0
1731534086330 1.856850028038025 0
1731534086413 1.9103213548660278 0
1731534086506 1.877928614616394 0
1731534086617 1.8445663452148438 0
1731534086702 1.8035755157470703 0
1731534086819 1.912738561630249 0
1731534086983 1.8527694940567017 0
1731534087078 1.8391892910003662 0
1731534087189 1.9105228185653687 0
1731534087296 1.8327648639678955 0
1731534087445 1.8094544410705566 0
1731534087567 1.8464577198028564 0
1731534087715 1.8319056034088135 0
1731534087957 1.8518067598342896 0
1731534088256 1.8345166444778442 0
1731534088375 1.8712724447250366 0
1731534088751 1.8773058652877808 0
1731534088891 1.8930152654647827 0
1731534089120 1.8750059604644775 0
1731534089262 1.8662189245224 0
1731534089832 1.8655502796173096 0
1731534090035 1.8752673864364624 0
1731534090187 1.8396732807159424 0
1731534090324 1.863743543624878 0
1731534090420 1.8994970321655273 0
1731534090493 1.8497265577316284 0
1731534090583 1.9059313535690308 0
1731534090668 1.8489793539047241 0
1731534090823 1.8804916143417358 0
1731534090889 1.9147515296936035 0
1731534090995 1.881296992301941 0
1731534091105 1.8464032411575317 0
1731534091191 1.8328993320465088 0
1731534091261 1.8529139757156372 0
1731534091353 1.7873731851577759 0
1731534091444 1.8829154968261719 0
1731534091483 1.8734005689620972 0
1731534091537 1.8065121173858643 0
1731534091599 1.842278242111206 0
1731534091690 1.8647024631500244 0
1731534091742 1.8653440475463867 0
1731534091811 1.8238263130187988 0
1731534091875 1.843451738357544 0
1731534091934 1.8730565309524536 0
1731534092014 1.8018449544906616 0
1731534092117 1.8365916013717651 0
1731534092214 1.8808139562606812 0
1731534092273 1.8354947566986084 0
1731534092366 1.8258048295974731 0
1731534092425 1.8469985723495483 0
1731534092468 1.8324874639511108 0
1731534092533 1.861896276473999 0
1731534092626 1.9023030996322632 0
1731534092729 1.8184932470321655 0
1731534092816 1.8280459642410278 0
1731534092879 1.8393688201904297 0
1731534092943 1.8064225912094116 0
1731534093026 1.8206524848937988 0
1731534093096 1.8817477226257324 0
1731534093179 1.838498592376709 0
1731534093265 1.785353422164917 0
1731534093338 1.8163567781448364 0
1731534093417 1.7876014709472656 0
1731534093481 1.8527518510818481 0
1731534093542 1.8286011219024658 0
1731534093590 1.843613624572754 0
1731534093641 1.8017747402191162 0
1731534093715 1.840531587600708 0
1731534093774 1.8580965995788574 0
1731534093878 1.8344279527664185 0
1731534093954 1.851792812347412 0
1731534094008 1.8462743759155273 0
1731534094067 1.8762834072113037 0
1731534094145 1.8575551509857178 0
1731534094246 1.8133206367492676 0
1731534094292 1.7730751037597656 0
1731534094345 1.8248449563980103 0
1731534094396 1.845176339149475 0
1731534094456 1.8593201637268066 0
1731534094556 1.779435634613037 0
1731534094684 1.8730190992355347 0
1731534094764 1.8293309211730957 0
1731534094846 1.813119649887085 0
1731534094929 1.7983384132385254 0
1731534095033 1.8474171161651611 0
1731534095132 1.8064836263656616 0
1731534095576 1.7941112518310547 0
1731534095866 1.8296195268630981 0
