1731534745491 2.3007700443267822 0
1731534745615 2.296541929244995 0
1731534745785 2.2653965950012207 0
1731534745861 2.24013614654541 0
1731534745939 2.222414255142212 0
1731534746078 2.2100844383239746 0
1731534746242 2.1911487579345703 0
1731534746394 2.1602349281311035 0
1731534746470 2.1519699096679688 0
1731534746547 2.083397150039673 0
1731534746620 2.0689079761505127 0
1731534746704 2.063446283340454 0
1731534746849 1.9925389289855957 0
1731534746981 2.013883113861084 0
1731534747075 1.9580416679382324 0
1731534747218 1.9224233627319336 0
1731534747342 1.9215614795684814 0
1731534747531 1.9164400100708008 0
1731534747861 1.9140352010726929 0
1731534747945 1.8868488073349 0
1731534748043 1.8584171533584595 0
1731534748174 1.8384681940078735 0
1731534748283 1.8138389587402344 0
1731534748415 1.8105878829956055 0
1731534748497 1.7968336343765259 0
1731534748592 1.8336122035980225 0
1731534748709 1.7752881050109863 0
1731534748852 1.7735623121261597 0
1731534749001 1.8071889877319336 0
1731534749125 1.7475953102111816 0
1731534749239 1.7189052104949951 0
1731534749364 1.7558586597442627 0
1731534749512 1.741551399230957 0
1731534749601 1.742967963218689 0
1731534749710 1.7250698804855347 0
1731534749858 1.7352262735366821 0
1731534749952 1.7479562759399414 0
1731534750060 1.6836930513381958 0
1731534750138 1.7039417028427124 0
1731534750227 1.70625901222229 0
1731534750330 1.6818270683288574 0
1731534750445 1.725999116897583 0
1731534750586 1.7074000835418701 0
1731534750731 1.7019630670547485 0
1731534750873 1.67814040184021 0
1731534750988 1.692551612854004 0
1731534751077 1.7160649299621582 0
1731534751338 1.663233757019043 0
1731534751403 1.6903936862945557 0
1731534751488 1.6973904371261597 0
1731534751582 1.6566247940063477 0
1731534751653 1.6820099353790283 0
1731534751819 1.675889015197754 0
1731534751914 1.6337106227874756 0
1731534752078 1.6816222667694092 0
1731534752166 1.6501777172088623 0
1731534752299 1.666491985321045 0
1731534752411 1.6713814735412598 0
1731534752487 1.667750597000122 0
1731534752573 1.639008641242981 0
1731534752658 1.69142746925354 0
1731534752731 1.6673740148544312 0
1731534752870 1.6465013027191162 0
1731534752951 1.6431477069854736 0
1731534753049 1.6295161247253418 0
1731534753157 1.634740948677063 0
1731534753227 1.6340519189834595 0
1731534753416 1.6650999784469604 0
1731534753541 1.6349937915802002 0
1731534753711 1.6267502307891846 0
1731534753854 1.6816176176071167 0
1731534753947 1.6763505935668945 0
1731534754036 1.6780192852020264 0
1731534754118 1.6512513160705566 0
1731534754197 1.6920981407165527 0
1731534754271 1.6659222841262817 0
1731534754353 1.6409564018249512 0
1731534754440 1.6914935111999512 0
1731534754527 1.6359981298446655 0
1731534754696 1.6497447490692139 0
1731534754849 1.6551976203918457 0
1731534754993 1.6625640392303467 0
1731534755131 1.641740083694458 0
1731534755211 1.6591852903366089 0
1731534755288 1.6223175525665283 0
1731534755420 1.6595306396484375 0
1731534755545 1.6166372299194336 0
1731534755682 1.6336653232574463 0
1731534755977 1.6338714361190796 0
1731534756176 1.623259425163269 0
1731534756385 1.613097071647644 0
1731534756623 1.6470390558242798 0
1731534756752 1.6285400390625 0
1731534756906 1.648790717124939 0
1731534756981 1.6597901582717896 0
1731534757101 1.6540533304214478 0
1731534757243 1.6297378540039062 0
1731534757335 1.7069965600967407 0
1731534757422 1.667332410812378 0
1731534757569 1.6733366250991821 0
1731534757761 1.6166270971298218 0
1731534757958 1.6689567565917969 0
1731534758030 1.6173996925354004 0
1731534758109 1.63971745967865 0
1731534758220 1.647577166557312 0
1731534758337 1.6371535062789917 0
1731534758467 1.6273483037948608 0
1731534758563 1.646740436553955 0
1731534758736 1.5812197923660278 0
1731534758910 1.674250841140747 0
1731534759000 1.6474030017852783 0
1731534759106 1.592788815498352 0
1731534759234 1.6235673427581787 0
1731534759368 1.672654628753662 0
1731534759517 1.5904431343078613 0
1731534759645 1.60087251663208 0
1731534759829 1.6327967643737793 0
1731534759922 1.6118865013122559 0
1731534760021 1.631736159324646 0
1731534760131 1.6333564519882202 0
1731534760237 1.6380705833435059 0
1731534760326 1.591219186782837 0
1731534760502 1.5985368490219116 0
1731534760648 1.649080514907837 0
1731534760866 1.6188855171203613 0
1731534761025 1.5887776613235474 0
1731534761139 1.6069217920303345 0
1731534761263 1.6356158256530762 0
1731534761356 1.6108452081680298 0
1731534761441 1.6297926902770996 0
1731534761659 1.6255581378936768 0
1731534761821 1.6698113679885864 0
1731534761958 1.6367813348770142 0
1731534762139 1.624616265296936 0
1731534762285 1.5929327011108398 0
1731534762380 1.6096808910369873 0
1731534762479 1.6184192895889282 0
1731534762626 1.6521683931350708 0
1731534762866 1.5829106569290161 0
1731534762945 1.6124998331069946 0
1731534763092 1.6337734460830688 0
1731534763287 1.6016197204589844 0
1731534763383 1.6045472621917725 0
1731534763500 1.5933398008346558 0
1731534763613 1.5960838794708252 0
1731534763707 1.6120740175247192 0
1731534763939 1.5964255332946777 0
1731534764071 1.6081851720809937 0
1731534764270 1.5763131380081177 0
1731534764624 1.5437252521514893 0
1731534765733 1.5640902519226074 0
1731534766082 1.5947265625 0
1731534766664 1.5873929262161255 0
1731534766834 1.583824872970581 0
1731534767156 1.5997557640075684 0
1731534767407 1.585313320159912 0
1731534767512 1.595584511756897 0
1731534767652 1.5907267332077026 0
1731534767751 1.5484806299209595 0
1731534767894 1.6072020530700684 0
1731534767975 1.601273536682129 0
1731534768125 1.572741985321045 0
1731534768218 1.55377197265625 0
1731534768386 1.5983266830444336 0
1731534768529 1.543237328529358 0
1731534768669 1.5638558864593506 0
1731534768802 1.5813184976577759 0
1731534768950 1.5469787120819092 0
1731534769165 1.5755120515823364 0
1731534769268 1.5870329141616821 0
1731534769643 1.5901808738708496 0
1731534769744 1.557694911956787 0
1731534769929 1.6124268770217896 0
1731534770126 1.5562819242477417 0
1731534770190 1.5641868114471436 0
1731534770390 1.5503392219543457 0
1731534770459 1.5677589178085327 0
1731534770599 1.569528341293335 0
1731534770699 1.569486379623413 0
1731534770828 1.571452021598816 0
1731534771007 1.538041114807129 0
1731534771160 1.5567981004714966 0
1731534771304 1.5815702676773071 0
1731534771444 1.5711053609848022 0
1731534771652 1.5754023790359497 0
1731534771790 1.5494388341903687 0
1731534771918 1.567602515220642 0
1731534772023 1.5610781908035278 0
1731534772180 1.5480488538742065 0
1731534772329 1.5456030368804932 0
1731534772426 1.5517985820770264 0
1731534772543 1.527367353439331 0
1731534772697 1.5346803665161133 0
1731534772844 1.549807071685791 0
1731534772967 1.5518330335617065 0
1731534773074 1.5407174825668335 0
1731534773197 1.578230619430542 0
1731534773331 1.5398814678192139 0
1731534773439 1.5240994691848755 0
1731534773588 1.5470210313796997 0
1731534773744 1.5642222166061401 0
1731534773818 1.5515925884246826 0
1731534773896 1.5686874389648438 0
1731534774091 1.5486944913864136 0
1731534774196 1.5463658571243286 0
1731534774332 1.5561953783035278 0
1731534774451 1.5502865314483643 0
1731534774624 1.537287950515747 0
1731534774879 1.5584598779678345 0
1731534775089 1.5327444076538086 0
1731534775201 1.5517363548278809 0
1731534775366 1.5844650268554688 0
1731534775513 1.5685954093933105 0
1731534775734 1.56069016456604 0
1731534775849 1.5350089073181152 0
1731534776008 1.5417982339859009 0
1731534776120 1.537193775177002 0
1731534776266 1.5667954683303833 0
1731534776437 1.5720001459121704 0
1731534776511 1.5813319683074951 0
1731534776569 1.5188795328140259 0
1731534776754 1.5464434623718262 0
1731534776847 1.5469006299972534 0
1731534776939 1.568384051322937 0
1731534777042 1.5433193445205688 0
1731534777177 1.5546011924743652 0
1731534777294 1.5616739988327026 0
1731534777510 1.5638227462768555 0
1731534777581 1.565921425819397 0
1731534777660 1.5850694179534912 0
1731534777783 1.556613802909851 0
1731534777990 1.5593540668487549 0
1731534778166 1.5411338806152344 0
1731534778341 1.5447666645050049 0
1731534778414 1.5631104707717896 0
1731534778553 1.5754319429397583 0
1731534778712 1.5625011920928955 0
1731534778921 1.5574753284454346 0
1731534779024 1.5740742683410645 0
1731534779120 1.5327781438827515 0
1731534779210 1.5585289001464844 0
1731534779294 1.5427442789077759 0
1731534779394 1.5677837133407593 0
1731534779493 1.535079002380371 0
1731534779635 1.5544100999832153 0
1731534779779 1.5373867750167847 0
1731534779965 1.5339224338531494 0
1731534780104 1.5374703407287598 0
1731534780226 1.5389937162399292 0
1731534780400 1.5441794395446777 0
1731534780606 1.5287883281707764 0
1731534780783 1.5694596767425537 0
1731534780894 1.5443378686904907 0
1731534781060 1.5528026819229126 0
1731534781369 1.5456334352493286 0
1731534781451 1.5345323085784912 0
1731534781814 1.551547646522522 0
1731534781956 1.5358413457870483 0
1731534782046 1.5502541065216064 0
1731534782191 1.5219649076461792 0
1731534782278 1.5253793001174927 0
1731534782376 1.5136878490447998 0
1731534782504 1.5335670709609985 0
1731534782611 1.5435397624969482 0
1731534782724 1.5666638612747192 0
1731534782790 1.5293350219726562 0
1731534782874 1.5373120307922363 0
1731534782960 1.538042426109314 0
1731534783057 1.530136227607727 0
1731534783183 1.5698845386505127 0
1731534783281 1.5619093179702759 0
1731534783353 1.540897011756897 0
1731534783449 1.5249515771865845 0
1731534783531 1.5374267101287842 0
1731534783651 1.5477077960968018 0
1731534783760 1.5720211267471313 0
1731534783855 1.5278944969177246 0
1731534783960 1.5509917736053467 0
1731534784057 1.545863389968872 0
1731534784161 1.525789499282837 0
1731534784232 1.53179132938385 0
1731534784319 1.5351568460464478 0
1731534784459 1.5313398838043213 0
1731534784579 1.505631685256958 0
1731534784682 1.5243024826049805 0
1731534784753 1.5328574180603027 0
1731534784970 1.5470225811004639 0
1731534785041 1.5570993423461914 0
1731534785091 1.572862982749939 0
1731534785153 1.5589359998703003 0
1731534785259 1.5465202331542969 0
1731534785408 1.5197452306747437 0
1731534785527 1.5508642196655273 0
1731534785607 1.5548237562179565 0
1731534785703 1.5302618741989136 0
1731534785782 1.5450692176818848 0
1731534785874 1.5187088251113892 0
1731534785965 1.517500877380371 0
1731534786056 1.5534213781356812 0
1731534786198 1.5223684310913086 0
1731534786330 1.5443792343139648 1
1731534786427 1.5176963806152344 1
1731534786601 1.5330209732055664 1
1731534786692 1.511298418045044 1
1731534786787 1.53974187374115 1
1731534786884 1.5411953926086426 1
1731534786963 1.5672856569290161 1
1731534787051 1.5187954902648926 1
1731534787138 1.5152349472045898 1
1731534787287 1.5388963222503662 1
1731534787394 1.5448473691940308 1
1731534787475 1.5418623685836792 1
1731534787562 1.5438008308410645 1
1731534787712 1.552894115447998 1
1731534787864 1.536080002784729 1
1731534787940 1.5549004077911377 1
1731534788002 1.5258526802062988 1
1731534788086 1.5561957359313965 1
1731534788213 1.4971693754196167 1
1731534788493 1.5344765186309814 1
1731534788626 1.5437904596328735 1
1731534788758 1.5252587795257568 1
1731534788954 1.5496830940246582 1
1731534789110 1.4928910732269287 1
1731534789309 1.5028436183929443 1
1731534789473 1.5264995098114014 1
1731534789676 1.5364450216293335 1
1731534789874 1.5316917896270752 1
1731534790026 1.5281063318252563 1
1731534790141 1.5443663597106934 1
1731534790315 1.5199801921844482 1
1731534790419 1.536068320274353 1
1731534790611 1.5368975400924683 1
1731534790822 1.5292456150054932 1
1731534790953 1.5288037061691284 1
1731534791142 1.5306522846221924 1
1731534791308 1.532869577407837 1
1731534791489 1.5410809516906738 1
1731534791617 1.5228773355484009 1
1731534791748 1.4781500101089478 1
1731534791913 1.5401806831359863 1
1731534792184 1.5424108505249023 1
1731534792269 1.511626124382019 1
1731534792357 1.5352920293807983 1
1731534792422 1.5444248914718628 1
1731534792574 1.506712794303894 1
1731534792676 1.5288701057434082 1
1731534792788 1.5510444641113281 1
1731534792907 1.5316925048828125 1
1731534793001 1.5226789712905884 1
1731534793086 1.5505616664886475 1
1731534793183 1.5526446104049683 1
1731534793290 1.5571274757385254 1
1731534793477 1.5321016311645508 1
1731534793605 1.5117665529251099 1
1731534793714 1.5114060640335083 1
1731534793832 1.5234904289245605 1
1731534793948 1.538301706314087 1
1731534794067 1.541075587272644 1
1731534794289 1.5239781141281128 1
1731534794432 1.5490882396697998 1
1731534794566 1.512912392616272 1
1731534794741 1.5205944776535034 1
1731534794923 1.5291064977645874 1
1731534795063 1.512571096420288 1
1731534795134 1.533767819404602 1
1731534795232 1.5271245241165161 1
1731534795341 1.5190080404281616 1
1731534795451 1.5273029804229736 1
1731534795641 1.5104817152023315 1
1731534795772 1.4983205795288086 1
1731534795958 1.5374209880828857 1
1731534796086 1.5223673582077026 1
1731534796247 1.5316985845565796 1
1731534796626 1.5415173768997192 1
1731534796833 1.562325119972229 1
1731534796922 1.5051096677780151 1
1731534797056 1.5290651321411133 1
1731534797297 1.5187101364135742 1
1731534797403 1.5156834125518799 1
1731534797495 1.5354816913604736 1
1731534797586 1.541122317314148 1
1731534797681 1.4954557418823242 1
1731534797785 1.5428953170776367 1
1731534797902 1.5065110921859741 1
1731534798042 1.547547459602356 1
1731534798188 1.4968081712722778 1
1731534798325 1.5240124464035034 1
1731534798476 1.5353916883468628 1
1731534798593 1.494429111480713 1
1731534798773 1.535951852798462 1
1731534798900 1.528831124305725 1
1731534798998 1.5635303258895874 1
1731534799154 1.532070279121399 1
1731534799258 1.5534744262695312 1
1731534799442 1.531722903251648 1
1731534799574 1.5553148984909058 1
1731534799667 1.5214728116989136 1
1731534799750 1.558349609375 1
1731534799850 1.5269237756729126 1
1731534799966 1.5206393003463745 1
1731534800085 1.4976832866668701 1
1731534800209 1.5311387777328491 1
1731534800317 1.5281040668487549 1
1731534800451 1.5255752801895142 1
1731534800610 1.5402319431304932 1
1731534800772 1.49072265625 1
1731534800990 1.5381152629852295 1
1731534801112 1.517937421798706 1
1731534801256 1.52608060836792 1
1731534801375 1.518739938735962 1
1731534801459 1.4979029893875122 1
1731534801558 1.4995373487472534 1
1731534801684 1.5282752513885498 1
1731534801813 1.5286680459976196 1
1731534801972 1.5199151039123535 1
1731534802112 1.5100693702697754 1
1731534802272 1.5206444263458252 1
1731534802442 1.5259822607040405 1
1731534802556 1.5181101560592651 1
1731534802666 1.514296054840088 1
1731534802779 1.518486499786377 1
1731534802866 1.5238256454467773 1
1731534802960 1.5260566473007202 1
1731534803052 1.520477294921875 1
1731534803151 1.5166563987731934 1
1731534803246 1.5276702642440796 1
1731534803457 1.5212849378585815 1
1731534803786 1.5306918621063232 1
1731534803971 1.515205979347229 1
1731534804114 1.529551386833191 1
1731534804213 1.5458498001098633 1
1731534804292 1.5422275066375732 1
1731534804392 1.507566213607788 1
1731534804540 1.5454185009002686 1
1731534804685 1.4964042901992798 1
1731534804823 1.517064094543457 1
1731534805036 1.5468339920043945 1
1731534805190 1.5355147123336792 1
1731534805288 1.5194779634475708 1
1731534805379 1.5349154472351074 1
1731534805492 1.5197160243988037 1
1731534805621 1.5248466730117798 1
1731534805721 1.5252834558486938 1
1731534805824 1.5569312572479248 1
1731534805925 1.5081294775009155 1
1731534806091 1.51993989944458 1
1731534806243 1.510343074798584 1
1731534806375 1.5093797445297241 1
1731534806498 1.5418407917022705 1
1731534806597 1.5154060125350952 1
1731534806689 1.5284556150436401 1
1731534806791 1.5125004053115845 1
1731534806885 1.5220750570297241 1
1731534807041 1.5437028408050537 1
1731534807202 1.5208930969238281 1
1731534807339 1.5271000862121582 1
1731534807455 1.507041573524475 1
1731534807637 1.5046255588531494 1
1731534807742 1.5162204504013062 1
1731534807859 1.511826992034912 1
1731534807973 1.531120777130127 1
1731534808099 1.5430099964141846 1
1731534808291 1.516170620918274 1
1731534808369 1.552951693534851 1
1731534808493 1.5035505294799805 1
1731534808699 1.52165949344635 1
1731534808833 1.520719289779663 1
1731534808918 1.5374096632003784 1
1731534809016 1.515249490737915 1
1731534809103 1.5316118001937866 1
1731534809191 1.5191618204116821 1
1731534809315 1.4953869581222534 1
1731534809416 1.5023154020309448 1
1731534809615 1.5362215042114258 1
1731534809761 1.5317169427871704 1
1731534809931 1.5215551853179932 1
1731534810127 1.5413135290145874 1
1731534810316 1.5246716737747192 1
1731534810493 1.507478952407837 1
1731534810642 1.5299149751663208 1
1731534810758 1.4981122016906738 1
1731534810893 1.5081775188446045 1
1731534811016 1.5120477676391602 1
1731534811178 1.5246669054031372 1
1731534811387 1.500017523765564 1
1731534811557 1.555079698562622 1
1731534811683 1.519325852394104 1
1731534811846 1.5129472017288208 1
1731534811927 1.519773244857788 1
1731534812056 1.4967260360717773 1
1731534812234 1.5050621032714844 1
1731534812339 1.5154283046722412 1
1731534812480 1.5148473978042603 1
1731534812611 1.4941871166229248 1
1731534812746 1.5036832094192505 1
1731534812860 1.5017673969268799 1
1731534812995 1.5085556507110596 1
1731534813157 1.4983797073364258 1
1731534813380 1.526556134223938 1
1731534813492 1.5111322402954102 1
1731534813576 1.559909462928772 1
1731534813678 1.4940508604049683 1
1731534813774 1.5141475200653076 1
1731534813892 1.5305354595184326 1
1731534813999 1.544516921043396 1
1731534814101 1.5280718803405762 1
1731534814214 1.5225989818572998 1
1731534814308 1.507840633392334 1
1731534814400 1.5331857204437256 1
1731534814489 1.5291228294372559 1
1731534814589 1.5114918947219849 1
1731534814707 1.5240188837051392 1
1731534814820 1.5273830890655518 1
1731534814963 1.5132800340652466 1
1731534815058 1.4995495080947876 1
1731534815196 1.5348455905914307 1
1731534815296 1.5295182466506958 1
1731534815427 1.5223437547683716 1
1731534815625 1.5323305130004883 1
1731534815809 1.5063127279281616 1
1731534815943 1.5251073837280273 1
1731534816083 1.5111547708511353 1
1731534816177 1.5223556756973267 1
1731534816303 1.529816746711731 1
1731534816409 1.5153632164001465 1
1731534816559 1.5142407417297363 1
1731534816651 1.5469890832901 1
1731534816789 1.5169119834899902 1
1731534816885 1.5110775232315063 1
1731534817091 1.5067132711410522 1
1731534817182 1.5043249130249023 1
1731534817297 1.5090985298156738 1
1731534817397 1.538561224937439 1
1731534817498 1.5223667621612549 1
1731534817583 1.4999110698699951 1
1731534817732 1.5274428129196167 1
1731534817888 1.5240446329116821 1
1731534818001 1.5270090103149414 1
1731534818091 1.4845646619796753 1
1731534818182 1.5179001092910767 1
1731534818282 1.5013740062713623 1
1731534818391 1.533687710762024 1
1731534818496 1.5075509548187256 1
1731534818652 1.4997869729995728 1
1731534818739 1.504692554473877 1
1731534818834 1.5280098915100098 1
1731534818973 1.4981358051300049 1
1731534819072 1.5393275022506714 1
1731534819223 1.542214035987854 1
1731534819402 1.4877477884292603 1
1731534819600 1.5348846912384033 1
1731534819762 1.4971199035644531 1
1731534819902 1.547645092010498 1
1731534820053 1.518357753753662 1
1731534820119 1.5091819763183594 1
1731534820196 1.5042349100112915 1
1731534820369 1.5113940238952637 1
1731534820485 1.5395528078079224 1
1731534820613 1.4911085367202759 1
1731534820698 1.5223203897476196 1
1731534820818 1.5374512672424316 1
1731534820957 1.5114060640335083 1
1731534821152 1.5154043436050415 1
1731534821318 1.523197889328003 1
1731534821477 1.4938080310821533 1
1731534821589 1.502562403678894 1
1731534821721 1.515028476715088 1
1731534821826 1.518131971359253 1
1731534821927 1.5274887084960938 1
1731534822071 1.5450119972229004 1
1731534822208 1.5108180046081543 1
1731534822309 1.5371615886688232 1
1731534822433 1.5267393589019775 1
1731534822543 1.518233060836792 1
1731534822694 1.531398057937622 1
1731534822865 1.5568705797195435 1
1731534823079 1.5127719640731812 1
1731534823229 1.5077177286148071 1
1731534823385 1.5142014026641846 1
1731534823614 1.5088902711868286 1
1731534823743 1.4876682758331299 1
1731534823838 1.518172025680542 1
1731534823955 1.5145372152328491 1
1731534824055 1.5184929370880127 1
1731534824225 1.5196679830551147 1
1731534824316 1.5236457586288452 1
1731534824424 1.5164821147918701 1
1731534824623 1.5150597095489502 1
1731534824709 1.5313953161239624 1
1731534824799 1.5267795324325562 1
1731534824908 1.511034369468689 1
1731534825075 1.5314031839370728 1
1731534825234 1.4974993467330933 1
1731534825340 1.5138949155807495 1
1731534825448 1.5159199237823486 1
1731534825556 1.5362683534622192 1
1731534825733 1.496950626373291 1
1731534825839 1.5137182474136353 1
1731534825959 1.498246669769287 1
1731534826126 1.513074517250061 2
1731534826302 1.5040161609649658 2
1731534826433 1.5090293884277344 2
1731534826599 1.5029723644256592 2
1731534826724 1.5139797925949097 2
1731534826846 1.5391000509262085 2
1731534826960 1.5457524061203003 2
1731534827101 1.5095694065093994 2
1731534827233 1.5303078889846802 2
1731534827328 1.5339833498001099 2
1731534827458 1.4990692138671875 2
1731534827651 1.5061049461364746 2
1731534827866 1.5128916501998901 2
1731534828032 1.5358588695526123 2
1731534828099 1.5236128568649292 2
1731534828227 1.5028702020645142 2
1731534828371 1.5056943893432617 2
1731534828481 1.4921742677688599 2
1731534828581 1.5039132833480835 2
1731534828668 1.5019898414611816 2
1731534828764 1.4975427389144897 2
1731534828922 1.5087440013885498 2
1731534829049 1.5356779098510742 2
1731534829185 1.508247971534729 2
1731534829331 1.4861141443252563 2
1731534829464 1.5101258754730225 2
1731534829571 1.495018482208252 2
1731534829699 1.5259158611297607 2
1731534829803 1.4978142976760864 2
1731534829912 1.502681016921997 2
1731534830009 1.5151945352554321 2
1731534830165 1.4962955713272095 2
1731534830329 1.5110023021697998 2
1731534830496 1.4995518922805786 2
1731534830734 1.496142864227295 2
1731534830890 1.4986450672149658 2
1731534831211 1.5280790328979492 2
1731534831286 1.5192207098007202 2
1731534831570 1.4962966442108154 2
1731534831941 1.5096484422683716 2
1731534832122 1.5208278894424438 2
1731534832238 1.5317403078079224 2
1731534832354 1.5321823358535767 2
1731534832418 1.5044445991516113 2
1731534832522 1.524471402168274 2
1731534832594 1.4864850044250488 2
1731534832676 1.5050153732299805 2
1731534832768 1.4784338474273682 2
1731534832876 1.5075045824050903 2
1731534832972 1.5037940740585327 2
1731534833079 1.497511863708496 2
1731534833254 1.4979275465011597 2
1731534833331 1.5122132301330566 2
1731534833409 1.501355767250061 2
1731534833513 1.5157287120819092 2
1731534833606 1.5173181295394897 2
1731534833688 1.4943574666976929 2
1731534833759 1.5098975896835327 2
1731534833890 1.5105361938476562 2
1731534834061 1.5371261835098267 2
1731534834153 1.5053602457046509 2
1731534834243 1.5078787803649902 2
1731534834320 1.4979275465011597 2
1731534834400 1.4906506538391113 2
1731534834474 1.5124633312225342 2
1731534834564 1.5267632007598877 2
1731534834754 1.510718822479248 2
1731534834847 1.494206428527832 2
1731534834937 1.525539517402649 2
1731534835042 1.4987841844558716 2
1731534835127 1.5195155143737793 2
1731534835197 1.5157703161239624 2
1731534835279 1.4926475286483765 2
1731534835425 1.5103894472122192 2
1731534835526 1.481716513633728 2
1731534835670 1.5154619216918945 2
1731534835789 1.5036312341690063 2
1731534835907 1.5141258239746094 2
1731534836017 1.531833291053772 2
1731534836116 1.5147786140441895 2
1731534836208 1.5190168619155884 2
1731534836320 1.499376654624939 2
1731534836438 1.5348989963531494 2
1731534836517 1.5190551280975342 2
1731534836601 1.5024099349975586 2
1731534836675 1.508110761642456 2
1731534836761 1.5020854473114014 2
1731534836927 1.5006784200668335 2
1731534837034 1.4931248426437378 2
1731534837139 1.5216741561889648 2
1731534837241 1.4895663261413574 2
1731534837323 1.5155556201934814 2
1731534837449 1.4969267845153809 2
1731534837576 1.5222870111465454 2
1731534837676 1.5043458938598633 2
1731534837761 1.505600929260254 2
1731534837838 1.5037126541137695 2
1731534837915 1.4929310083389282 2
1731534838012 1.5370025634765625 2
1731534838097 1.4835301637649536 2
1731534838251 1.5119699239730835 2
1731534838315 1.5094077587127686 2
1731534838386 1.5086753368377686 2
1731534838497 1.4952492713928223 2
1731534838619 1.5019018650054932 2
1731534838698 1.5190505981445312 2
1731534838805 1.495346188545227 2
1731534838890 1.5051336288452148 2
1731534838984 1.5295883417129517 2
1731534839082 1.5046806335449219 2
1731534839227 1.5041368007659912 2
1731534839365 1.4991631507873535 2
1731534839461 1.4846751689910889 2
1731534839575 1.5086793899536133 2
1731534839714 1.5283628702163696 2
1731534839868 1.5000039339065552 2
1731534839994 1.5064200162887573 2
1731534840147 1.5117650032043457 2
1731534840303 1.4914979934692383 2
1731534840467 1.502397060394287 2
1731534840606 1.5137079954147339 2
1731534840690 1.4894137382507324 2
1731534840767 1.5125131607055664 2
1731534840899 1.5057719945907593 2
1731534840985 1.547925591468811 2
1731534841062 1.5077804327011108 2
1731534841141 1.5309289693832397 2
1731534841223 1.5079823732376099 2
1731534841311 1.4798660278320312 2
1731534841459 1.5018773078918457 2
1731534841636 1.5082592964172363 2
1731534841735 1.5135514736175537 2
1731534841891 1.4996730089187622 2
1731534842032 1.5167309045791626 2
1731534842211 1.493775486946106 2
1731534842318 1.5111792087554932 2
1731534842452 1.499468207359314 2
1731534842586 1.4982459545135498 2
1731534842660 1.5143531560897827 2
1731534842747 1.4878039360046387 2
1731534842895 1.503849983215332 2
1731534842996 1.5074771642684937 2
1731534843129 1.5221095085144043 2
1731534843227 1.5095839500427246 2
1731534843310 1.503966212272644 2
1731534843390 1.5171291828155518 2
1731534843477 1.5101008415222168 2
1731534843552 1.5142953395843506 2
1731534843646 1.5144903659820557 2
1731534843749 1.5134996175765991 2
1731534843832 1.5033543109893799 2
1731534843931 1.494753122329712 2
1731534844053 1.5231213569641113 2
1731534844246 1.509701132774353 2
1731534844332 1.4950079917907715 2
1731534844399 1.5102360248565674 2
1731534844484 1.5015696287155151 2
1731534844570 1.5141526460647583 2
1731534844666 1.5012266635894775 2
1731534844737 1.4962403774261475 2
1731534844829 1.5072734355926514 2
1731534844936 1.5130876302719116 2
1731534845019 1.5112733840942383 2
1731534845191 1.5026869773864746 2
1731534845267 1.5128730535507202 2
1731534845343 1.4889824390411377 2
1731534845444 1.5220425128936768 2
1731534845515 1.5128253698349 2
1731534845590 1.4894360303878784 2
1731534845700 1.5051264762878418 2
1731534845762 1.5013248920440674 2
1731534845903 1.4811030626296997 2
1731534845987 1.5047260522842407 2
1731534846101 1.5006388425827026 2
1731534846222 1.5136535167694092 2
1731534846322 1.536065697669983 2
1731534846476 1.4922926425933838 2
1731534846551 1.5120909214019775 2
1731534846703 1.5032495260238647 2
1731534846794 1.48819899559021 2
1731534846881 1.49420964717865 2
1731534847023 1.5113617181777954 2
1731534847194 1.5025343894958496 2
1731534847278 1.5102790594100952 2
1731534847395 1.5061570405960083 2
1731534847565 1.5040886402130127 2
1731534847691 1.4965629577636719 2
1731534847812 1.4972748756408691 2
1731534847950 1.5094690322875977 2
1731534848069 1.5229291915893555 2
1731534848157 1.5145049095153809 2
1731534848236 1.5206108093261719 2
1731534848352 1.5086402893066406 2
1731534848432 1.510219931602478 2
1731534848542 1.5113335847854614 2
1731534848620 1.4941532611846924 2
1731534848746 1.4942619800567627 2
1731534848846 1.507228136062622 2
1731534848967 1.4978793859481812 2
1731534849066 1.520753026008606 2
1731534849173 1.5202516317367554 2
1731534849285 1.494374394416809 2
1731534849356 1.51459538936615 2
1731534849449 1.516266942024231 2
1731534849541 1.518378734588623 2
1731534849626 1.4880404472351074 2
1731534849722 1.5124250650405884 2
1731534849798 1.5153001546859741 2
1731534849960 1.4983042478561401 2
1731534850069 1.4911293983459473 2
1731534850180 1.5224155187606812 2
1731534850286 1.5021456480026245 2
1731534850369 1.5023914575576782 2
1731534850466 1.5197081565856934 2
1731534850542 1.5244925022125244 2
1731534850628 1.5038048028945923 2
1731534850714 1.5218079090118408 2
1731534850791 1.5021586418151855 2
1731534850867 1.5107598304748535 2
1731534850944 1.5094597339630127 2
1731534851043 1.4994616508483887 2
1731534851132 1.525495171546936 2
1731534851253 1.504845142364502 2
1731534851333 1.4931254386901855 2
1731534851413 1.5246102809906006 2
1731534851495 1.4927846193313599 2
1731534851588 1.501413106918335 2
1731534851675 1.4975982904434204 2
1731534851753 1.5349491834640503 2
1731534851818 1.5098700523376465 2
1731534851901 1.506095290184021 2
1731534851984 1.4916476011276245 2
1731534852065 1.4925233125686646 2
1731534852147 1.5307846069335938 2
1731534852247 1.506981611251831 2
1731534852325 1.5339040756225586 2
1731534852420 1.4845389127731323 2
1731534852495 1.481972336769104 2
1731534852587 1.51381516456604 2
1731534852665 1.5126392841339111 2
1731534852758 1.4933063983917236 2
1731534852859 1.5071606636047363 2
1731534852946 1.5008403062820435 2
1731534853047 1.4893536567687988 2
1731534853146 1.5067862272262573 2
1731534853211 1.513725757598877 2
1731534853321 1.497388482093811 2
1731534853449 1.5110774040222168 2
1731534853561 1.4926810264587402 2
1731534853654 1.5074563026428223 2
1731534853730 1.5099886655807495 2
1731534853805 1.4889699220657349 2
1731534853908 1.5041823387145996 2
1731534854061 1.4997611045837402 2
1731534854166 1.5107289552688599 2
1731534854319 1.5018424987792969 2
1731534854441 1.5046589374542236 2
1731534854532 1.5160038471221924 2
1731534854624 1.5027189254760742 2
1731534854743 1.50297212600708 2
1731534854825 1.4952656030654907 2
1731534854893 1.504041314125061 2
1731534854981 1.5082778930664062 2
1731534855088 1.4929524660110474 2
1731534855185 1.5039128065109253 2
1731534855269 1.4896167516708374 2
1731534855350 1.5043282508850098 2
1731534855455 1.4917047023773193 2
1731534855579 1.504822850227356 2
1731534855719 1.4919662475585938 2
1731534855792 1.4906976222991943 2
1731534855977 1.5001300573349 2
1731534856119 1.5042327642440796 2
1731534856259 1.5305596590042114 2
1731534856368 1.5057183504104614 2
1731534856442 1.5033529996871948 2
1731534856509 1.494468331336975 2
1731534856601 1.512988567352295 2
1731534856672 1.4851614236831665 2
1731534856783 1.5031020641326904 2
1731534856902 1.4981794357299805 2
1731534857042 1.4903602600097656 2
1731534857153 1.510331630706787 2
1731534857251 1.4914000034332275 2
1731534857322 1.499582052230835 2
1731534857467 1.5093481540679932 2
1731534857578 1.4773666858673096 2
1731534857653 1.5246703624725342 2
1731534857732 1.498372197151184 2
1731534857838 1.4948309659957886 2
1731534857907 1.4882358312606812 2
1731534858005 1.5075262784957886 2
1731534858081 1.5109431743621826 2
1731534858201 1.507808804512024 2
1731534858287 1.5199741125106812 2
1731534858385 1.5026241540908813 2
1731534858460 1.4855514764785767 2
1731534858539 1.4800244569778442 2
1731534858679 1.5020276308059692 2
1731534858776 1.509175419807434 2
1731534858917 1.5014697313308716 3
1731534859020 1.4988309144973755 3
1731534859110 1.4924476146697998 3
1731534859229 1.479317307472229 3
1731534859301 1.4959449768066406 3
1731534859407 1.49208664894104 3
1731534859502 1.4838835000991821 3
1731534859624 1.4966109991073608 3
1731534859706 1.4864848852157593 3
1731534859797 1.5074633359909058 3
1731534859876 1.5162156820297241 3
1731534859980 1.4942169189453125 3
1731534860064 1.50278639793396 3
1731534860169 1.5051379203796387 3
1731534860258 1.480331540107727 3
1731534860332 1.509965181350708 3
1731534860417 1.496456503868103 3
1731534860541 1.4944227933883667 3
1731534860677 1.4889024496078491 3
1731534860795 1.5044947862625122 3
1731534860880 1.4959558248519897 3
1731534860990 1.499679684638977 3
1731534861089 1.4989652633666992 3
1731534861216 1.5088355541229248 3
1731534861307 1.5010099411010742 3
1731534861427 1.4898725748062134 3
1731534861502 1.5354090929031372 3
1731534861585 1.4961953163146973 3
1731534861675 1.4982428550720215 3
1731534861763 1.4936202764511108 3
1731534861994 1.5005570650100708 3
1731534862063 1.5191172361373901 3
1731534862128 1.4961884021759033 3
1731534862202 1.5055251121520996 3
1731534862295 1.5202031135559082 3
1731534862381 1.505610704421997 3
1731534862478 1.50634765625 3
1731534862566 1.4923532009124756 3
1731534862655 1.4977655410766602 3
1731534862743 1.5144692659378052 3
1731534862826 1.4852322340011597 3
1731534862916 1.482721209526062 3
1731534863016 1.490624189376831 3
1731534863097 1.51505446434021 3
1731534863183 1.4807199239730835 3
1731534863331 1.4928783178329468 3
1731534863485 1.4877755641937256 3
1731534863568 1.493599534034729 3
1731534863689 1.4879586696624756 3
1731534863792 1.488345742225647 3
1731534863896 1.4846229553222656 3
1731534863987 1.5079951286315918 3
1731534864068 1.4894018173217773 3
1731534864168 1.5096815824508667 3
1731534864301 1.4918400049209595 3
1731534864423 1.4849560260772705 3
1731534864529 1.508003830909729 3
1731534864619 1.492140531539917 3
1731534864702 1.5099979639053345 3
1731534864786 1.4930198192596436 3
1731534864880 1.4988914728164673 3
1731534865043 1.510421872138977 3
1731534865126 1.4760795831680298 3
1731534865201 1.4956668615341187 3
1731534865308 1.5018426179885864 3
1731534865427 1.513787865638733 3
1731534865587 1.487860918045044 3
1731534865675 1.5039868354797363 3
1731534865785 1.4719890356063843 3
1731534865862 1.5008026361465454 3
1731534866102 1.502371072769165 3
1731534866181 1.500085473060608 3
1731534866253 1.475399374961853 3
1731534866381 1.5348583459854126 3
1731534866479 1.4920306205749512 3
1731534866575 1.4825738668441772 3
1731534866664 1.480114459991455 3
1731534866743 1.4935407638549805 3
1731534866848 1.5115349292755127 3
1731534867050 1.504246711730957 3
1731534867229 1.495114803314209 3
1731534867324 1.4871411323547363 3
1731534867443 1.4849610328674316 3
1731534867571 1.4963150024414062 3
1731534867647 1.4823800325393677 3
1731534867739 1.4958502054214478 3
1731534867880 1.4953608512878418 3
1731534867976 1.4906179904937744 3
1731534868058 1.5333564281463623 3
1731534868323 1.490336298942566 3
1731534868402 1.516276240348816 3
1731534868526 1.5008149147033691 3
1731534868673 1.4946320056915283 3
1731534868797 1.4933335781097412 3
1731534868894 1.4933335781097412 3
1731534868994 1.4979345798492432 3
1731534869108 1.5126004219055176 3
1731534869223 1.4877827167510986 3
1731534869358 1.5050077438354492 3
1731534869467 1.485936164855957 3
1731534869540 1.4911201000213623 3
1731534869626 1.4961786270141602 3
1731534869718 1.503859043121338 3
1731534869794 1.5078234672546387 3
1731534869921 1.499556303024292 3
1731534870027 1.5155384540557861 3
1731534870143 1.4983437061309814 3
1731534870231 1.502568244934082 3
1731534870330 1.522055983543396 3
1731534870426 1.495994210243225 3
1731534870536 1.4883314371109009 3
1731534870598 1.4973353147506714 3
1731534870729 1.4870754480361938 3
1731534870817 1.4978301525115967 3
1731534870918 1.4849586486816406 3
1731534870980 1.5083039999008179 3
1731534871101 1.4963281154632568 3
1731534871221 1.5089815855026245 3
1731534871312 1.5131820440292358 3
1731534871392 1.4913958311080933 3
1731534871496 1.4874058961868286 3
1731534871586 1.5028488636016846 3
1731534871665 1.4916104078292847 3
1731534871832 1.5050243139266968 3
1731534871926 1.4715752601623535 3
1731534872031 1.5078189373016357 3
1731534872135 1.5049993991851807 3
1731534872244 1.5053428411483765 3
1731534872373 1.4953112602233887 3
1731534872517 1.5205268859863281 3
1731534872586 1.493735671043396 3
1731534872674 1.5045815706253052 3
1731534872760 1.4998167753219604 3
1731534872843 1.5143851041793823 3
1731534872926 1.4966148138046265 3
1731534873006 1.4985685348510742 3
1731534873086 1.515282154083252 3
1731534873158 1.504797101020813 3
1731534873294 1.4975546598434448 3
1731534873389 1.500808596611023 3
1731534873465 1.5070091485977173 3
1731534873538 1.4969464540481567 3
1731534873661 1.5094802379608154 3
1731534873746 1.5134638547897339 3
1731534873835 1.505165457725525 3
1731534873923 1.5101238489151 3
1731534874009 1.4910145998001099 3
1731534874090 1.4923310279846191 3
1731534874220 1.5018655061721802 3
1731534874301 1.4961470365524292 3
1731534874380 1.5223300457000732 3
1731534874461 1.5002131462097168 3
1731534874537 1.500207543373108 3
1731534874633 1.492341160774231 3
1731534874700 1.5013649463653564 3
1731534874805 1.4871772527694702 3
1731534874901 1.4794316291809082 3
1731534874992 1.5063955783843994 3
1731534875102 1.5099387168884277 3
1731534875177 1.4851386547088623 3
1731534875283 1.4939919710159302 3
1731534875366 1.5025854110717773 3
1731534875475 1.4976688623428345 3
1731534875568 1.4943100214004517 3
1731534875669 1.5115519762039185 3
1731534875784 1.5065596103668213 3
1731534875877 1.4800206422805786 3
1731534875979 1.4911999702453613 3
1731534876059 1.4963486194610596 3
1731534876158 1.4914582967758179 3
1731534876249 1.4913244247436523 3
1731534876331 1.4805439710617065 3
1731534876415 1.5004892349243164 3
1731534876512 1.494163155555725 3
1731534876595 1.5074352025985718 3
1731534876663 1.4972138404846191 3
1731534876843 1.5062118768692017 3
1731534876921 1.4914512634277344 3
1731534877050 1.482758641242981 3
1731534877139 1.5019476413726807 3
1731534877226 1.4855377674102783 3
1731534877345 1.505194067955017 3
1731534877424 1.5043257474899292 3
1731534877496 1.4942070245742798 3
1731534877569 1.4923903942108154 3
1731534877632 1.4879004955291748 3
1731534877766 1.4904452562332153 3
1731534877842 1.4980957508087158 3
1731534877932 1.5006049871444702 3
1731534878011 1.4744179248809814 3
1731534878094 1.5046502351760864 3
1731534878262 1.505767822265625 3
1731534878464 1.5005402565002441 3
1731534878596 1.4917978048324585 3
1731534878732 1.4780179262161255 3
1731534878886 1.5016984939575195 3
1731534878964 1.4981704950332642 3
1731534879082 1.515040397644043 3
1731534879255 1.4921842813491821 3
1731534879348 1.5000218152999878 3
1731534879462 1.4899954795837402 3
1731534879618 1.5103042125701904 3
1731534879783 1.4869372844696045 3
1731534879953 1.483945369720459 3
1731534880066 1.498311161994934 3
1731534880144 1.5204877853393555 3
1731534880242 1.477413535118103 3
1731534880333 1.509860873222351 3
1731534880417 1.5087321996688843 3
1731534880487 1.4923443794250488 3
1731534880568 1.4994769096374512 3
1731534880643 1.5005253553390503 3
1731534880715 1.4882874488830566 3
1731534880805 1.5023531913757324 3
1731534880912 1.4908850193023682 3
1731534881057 1.4995090961456299 3
1731534881195 1.4881846904754639 3
1731534881336 1.4870078563690186 3
1731534881446 1.4998257160186768 3
1731534881556 1.4834871292114258 3
1731534881696 1.4896882772445679 3
1731534881781 1.5045666694641113 3
1731534881892 1.4876168966293335 3
1731534881976 1.481373906135559 3
1731534882056 1.5011502504348755 3
1731534882180 1.4851435422897339 3
1731534882328 1.4919297695159912 3
1731534882474 1.4918936491012573 3
1731534882564 1.4923734664916992 3
1731534882623 1.5056359767913818 3
1731534882706 1.4824728965759277 3
1731534882802 1.4950263500213623 3
1731534882883 1.5154496431350708 3
1731534882982 1.5124931335449219 3
1731534883089 1.5331324338912964 3
1731534883173 1.4995408058166504 3
1731534883246 1.4859718084335327 3
1731534883338 1.4817283153533936 3
1731534883394 1.5002679824829102 3
1731534883485 1.4917047023773193 3
1731534883562 1.4870561361312866 3
1731534883700 1.5142312049865723 3
1731534883812 1.4705815315246582 3
1731534883887 1.4999252557754517 3
1731534883974 1.4882527589797974 3
1731534884064 1.5215864181518555 3
1731534884253 1.4809858798980713 3
1731534884357 1.4998844861984253 3
1731534884474 1.51942777633667 3
1731534884588 1.4852808713912964 3
1731534884906 1.4980511665344238 3
1731534885022 1.4943203926086426 3
1731534885165 1.4950311183929443 3
1731534885312 1.4854788780212402 3
1731534885505 1.4960343837738037 3
1731534885672 1.487809419631958 3
1731534885828 1.4971051216125488 3
1731534886051 1.494162917137146 3
1731534886133 1.4874372482299805 3
1731534886259 1.5028903484344482 3
1731534886444 1.4999862909317017 3
1731534886573 1.4953787326812744 3
1731534886708 1.4902122020721436 3
1731534886832 1.4955929517745972 3
1731534886955 1.5075573921203613 3
1731534887080 1.4957373142242432 3
1731534887171 1.5195468664169312 3
1731534887291 1.4856053590774536 3
1731534887371 1.495241641998291 3
1731534887477 1.5018396377563477 3
1731534887673 1.4857045412063599 3
1731534887792 1.4948843717575073 3
1731534887915 1.496881365776062 3
1731534888056 1.4701979160308838 3
1731534888222 1.4946497678756714 3
1731534888350 1.4995204210281372 3
1731534888500 1.5288772583007812 3
1731534888633 1.4898191690444946 3
1731534888738 1.5001696348190308 3
1731534888875 1.515215277671814 3
1731534889039 1.4872479438781738 3
1731534889164 1.4994184970855713 3
1731534889282 1.5096349716186523 3
1731534889416 1.4937846660614014 3
1731534889558 1.5071830749511719 3
1731534889684 1.4981346130371094 3
1731534889808 1.5093932151794434 3
1731534889967 1.502002239227295 3
1731534890093 1.4802918434143066 3
1731534890171 1.4910149574279785 3
1731534890322 1.4919074773788452 3
1731534890438 1.5031890869140625 3
1731534890578 1.4864933490753174 3
1731534890689 1.5205445289611816 3
1731534890837 1.5236461162567139 3
1731534890966 1.5078376531600952 3
1731534891100 1.508811593055725 3
1731534891232 1.4982928037643433 3
1731534891356 1.4846415519714355 3
1731534891496 1.5108392238616943 3
1731534891674 1.4960875511169434 4
1731534891790 1.4972317218780518 4
1731534891925 1.4933220148086548 4
1731534892053 1.5064539909362793 4
1731534892192 1.494013786315918 4
1731534892308 1.478257656097412 4
1731534892414 1.4919652938842773 4
1731534892517 1.4922915697097778 4
1731534892647 1.4923019409179688 4
1731534892782 1.491927981376648 4
1731534892908 1.49260675907135 4
1731534892994 1.5049508810043335 4
1731534893109 1.494787573814392 4
1731534893257 1.4958947896957397 4
1731534893324 1.5000416040420532 4
1731534893402 1.5092815160751343 4
1731534893495 1.49709153175354 4
1731534893589 1.4835165739059448 4
1731534893788 1.5005513429641724 4
1731534893957 1.4859658479690552 4
1731534894181 1.510527491569519 4
1731534894378 1.4891248941421509 4
1731534894476 1.4819920063018799 4
1731534894582 1.4841030836105347 4
1731534894685 1.4851324558258057 4
1731534894782 1.4957971572875977 4
1731534894880 1.4808329343795776 4
1731534894982 1.4833253622055054 4
1731534895118 1.503462314605713 4
1731534895222 1.4973682165145874 4
1731534895291 1.5152168273925781 4
1731534895399 1.4953529834747314 4
1731534895508 1.4824563264846802 4
1731534895744 1.4939502477645874 4
1731534895836 1.4865585565567017 4
1731534895929 1.4912481307983398 4
1731534896103 1.4748257398605347 4
1731534896195 1.483658790588379 4
1731534896289 1.4936163425445557 4
1731534896366 1.4899718761444092 4
1731534896456 1.4913849830627441 4
1731534896548 1.469815969467163 4
1731534896630 1.4769740104675293 4
1731534896731 1.4818452596664429 4
1731534896963 1.4813909530639648 4
1731534897105 1.4792007207870483 4
1731534897280 1.4820961952209473 4
1731534897377 1.4804978370666504 4
1731534897500 1.4990522861480713 4
1731534897625 1.5102757215499878 4
1731534897850 1.483726143836975 4
1731534897945 1.4925847053527832 4
1731534898057 1.4766993522644043 4
1731534898247 1.4920387268066406 4
1731534898342 1.484961748123169 4
1731534898431 1.4875602722167969 4
1731534898570 1.4844592809677124 4
1731534898742 1.4956650733947754 4
1731534898919 1.481974482536316 4
1731534899096 1.4919856786727905 4
1731534899223 1.4933511018753052 4
1731534899404 1.4904441833496094 4
1731534899497 1.4783302545547485 4
1731534899589 1.4718443155288696 4
1731534899689 1.4774103164672852 4
1731534899817 1.4706698656082153 4
1731534900219 1.5081251859664917 4
1731534900456 1.4682338237762451 4
1731534900608 1.4991493225097656 4
1731534900836 1.4818934202194214 4
1731534900962 1.4868742227554321 4
1731534901041 1.4802873134613037 4
1731534901206 1.488337516784668 4
1731534901409 1.487348198890686 4
1731534901550 1.4747294187545776 4
1731534901699 1.5050984621047974 4
1731534901862 1.5082499980926514 4
1731534901989 1.4973225593566895 4
1731534902132 1.4840121269226074 4
1731534902233 1.4858639240264893 4
1731534902346 1.4911057949066162 4
1731534902484 1.477877140045166 4
1731534902606 1.4791536331176758 4
1731534902799 1.4843825101852417 4
1731534902879 1.4857869148254395 4
1731534903022 1.4922255277633667 4
1731534903076 1.5020668506622314 4
1731534903254 1.480200171470642 4
1731534903328 1.4759316444396973 4
1731534903389 1.5197597742080688 4
1731534903484 1.4825674295425415 4
1731534903673 1.493309736251831 4
1731534903792 1.4892630577087402 4
1731534903913 1.491146445274353 4
1731534904045 1.4952731132507324 4
1731534904143 1.5020486116409302 4
1731534904253 1.4899821281433105 4
1731534904570 1.491701364517212 4
1731534904657 1.4815728664398193 4
1731534905019 1.4839221239089966 4
1731534905168 1.4878132343292236 4
1731534905249 1.4942030906677246 4
1731534905446 1.493300437927246 4
1731534905539 1.4811592102050781 4
1731534905625 1.4863377809524536 4
1731534905780 1.483766794204712 4
1731534905872 1.4826008081436157 4
1731534905939 1.488965630531311 4
1731534906036 1.5048320293426514 4
1731534906163 1.4826664924621582 4
1731534906317 1.4966503381729126 4
1731534906448 1.4867745637893677 4
1731534906565 1.5073543787002563 4
1731534906649 1.4806480407714844 4
1731534906732 1.5092346668243408 4
1731534906849 1.4853618144989014 4
1731534906927 1.4982179403305054 4
1731534907043 1.5308518409729004 4
1731534907126 1.4831269979476929 4
1731534907253 1.4867192506790161 4
1731534907338 1.4897353649139404 4
1731534907430 1.4865285158157349 4
1731534907538 1.4795050621032715 4
1731534907615 1.4740989208221436 4
1731534907682 1.4849361181259155 4
1731534907771 1.489708423614502 4
1731534907889 1.4951324462890625 4
1731534908064 1.4828262329101562 4
1731534908143 1.4864404201507568 4
1731534908271 1.50490403175354 4
1731534908358 1.4867984056472778 4
1731534908443 1.5065617561340332 4
1731534908526 1.4980577230453491 4
1731534908618 1.4900145530700684 4
1731534908750 1.5044511556625366 4
1731534908954 1.4829778671264648 4
1731534909080 1.504267930984497 4
1731534909173 1.4763081073760986 4
1731534909253 1.4829193353652954 4
1731534909346 1.4952113628387451 4
1731534909460 1.4799429178237915 4
1731534909591 1.4931440353393555 4
1731534909727 1.4830536842346191 4
1731534909878 1.4999918937683105 4
1731534909953 1.5069159269332886 4
1731534910070 1.4946707487106323 4
1731534910233 1.4808006286621094 4
1731534910380 1.5192919969558716 4
1731534910463 1.5051438808441162 4
1731534910574 1.4827699661254883 4
1731534910771 1.4936890602111816 4
1731534910899 1.4806714057922363 4
1731534911000 1.5007834434509277 4
1731534911139 1.4992104768753052 4
1731534911248 1.4879775047302246 4
1731534911458 1.4835842847824097 4
1731534911605 1.4853113889694214 4
1731534911762 1.5000534057617188 4
1731534911956 1.4773918390274048 4
1731534912149 1.5081493854522705 4
1731534912244 1.4827873706817627 4
1731534912383 1.4726052284240723 4
1731534912498 1.4873465299606323 4
1731534912635 1.4911627769470215 4
1731534912825 1.4889775514602661 4
1731534912973 1.485325574874878 4
1731534913141 1.4800420999526978 4
1731534913292 1.4888705015182495 4
1731534913443 1.4825828075408936 4
1731534913591 1.4818336963653564 4
1731534913696 1.4921200275421143 4
1731534913804 1.4938408136367798 4
1731534913895 1.5093374252319336 4
1731534914056 1.4771537780761719 4
1731534914162 1.4921950101852417 4
1731534914330 1.5113531351089478 4
1731534914511 1.4770387411117554 4
1731534914689 1.4781302213668823 4
1731534914762 1.496821641921997 4
1731534914841 1.5079745054244995 4
1731534914939 1.482993483543396 4
1731534915101 1.5021586418151855 4
1731534915206 1.4852207899093628 4
1731534915341 1.4890687465667725 4
1731534915464 1.4768471717834473 4
1731534915574 1.485190987586975 4
1731534915700 1.4948396682739258 4
1731534915862 1.476123332977295 4
1731534915949 1.4912601709365845 4
1731534916165 1.4828546047210693 4
1731534916374 1.4912409782409668 4
1731534916468 1.4945473670959473 4
1731534916655 1.4927144050598145 4
1731534916762 1.4855440855026245 4
1731534916897 1.4999456405639648 4
1731534917018 1.4795503616333008 4
1731534917164 1.491368293762207 4
1731534917279 1.487175464630127 4
1731534917392 1.4837645292282104 4
1731534917624 1.4861873388290405 4
1731534917781 1.4876631498336792 4
1731534917906 1.4894682168960571 4
1731534918032 1.4888067245483398 4
1731534918249 1.4998282194137573 4
1731534918382 1.4843528270721436 4
1731534918491 1.502021074295044 4
1731534918626 1.4992173910140991 4
1731534918714 1.4883205890655518 4
1731534918920 1.4949793815612793 4
1731534919136 1.488050937652588 4
1731534919220 1.4974761009216309 4
1731534919309 1.488227128982544 4
1731534919415 1.4864349365234375 4
1731534919509 1.4854927062988281 4
1731534919704 1.5118904113769531 4
1731534919823 1.4723973274230957 4
1731534919925 1.4881821870803833 4
1731534920043 1.4994627237319946 4
1731534920275 1.4907479286193848 4
1731534920517 1.4856113195419312 4
1731534920780 1.5071696043014526 4
1731534921018 1.4865612983703613 4
1731534921107 1.4855437278747559 4
1731534921197 1.469815969467163 4
1731534921312 1.4804441928863525 4
1731534921422 1.483450174331665 4
1731534921534 1.4745843410491943 4
1731534921657 1.4803105592727661 4
1731534921756 1.484372854232788 4
1731534921844 1.4817019701004028 4
1731534921938 1.4861302375793457 4
1731534922054 1.4941874742507935 4
1731534922184 1.496895432472229 4
1731534922284 1.493928074836731 4
1731534922421 1.4998810291290283 4
1731534922533 1.5139368772506714 4
1731534922707 1.5028431415557861 4
1731534922894 1.4792797565460205 4
1731534922983 1.4907608032226562 4
1731534923133 1.4872004985809326 4
1731534923225 1.4761353731155396 4
1731534923344 1.4912705421447754 4
1731534923438 1.481069803237915 4
1731534923671 1.4981505870819092 4
1731534923855 1.4938867092132568 4
1731534924036 1.5075877904891968 4
1731534924205 1.48466157913208 4
1731534924368 1.485352635383606 4
1731534924473 1.5096784830093384 4
1731534924556 1.4939290285110474 4
1731534924645 1.4837249517440796 4
1731534924734 1.5062915086746216 4
1731534924827 1.503451943397522 4
1731534924925 1.4991095066070557 4
1731534925015 1.4866080284118652 4
1731534925110 1.485836386680603 4
1731534925199 1.5041859149932861 4
1731534925294 1.485896110534668 4
1731534925386 1.4875203371047974 4
1731534925470 1.5169808864593506 4
1731534925559 1.501989483833313 4
1731534925686 1.5127984285354614 4
1731534925866 1.4888954162597656 4
1731534925959 1.4841119050979614 4
1731534926092 1.4894846677780151 4
1731534926188 1.515676736831665 4
1731534926303 1.508084774017334 4
1731534926488 1.4813412427902222 4
1731534926571 1.5175981521606445 4
1731534926671 1.5011683702468872 4
1731534926763 1.5159330368041992 4
1731534926863 1.5096074342727661 4
1731534927048 1.4948325157165527 4
1731534927161 1.5058512687683105 4
1731534927264 1.4854750633239746 4
1731534927387 1.4909026622772217 4
1731534927504 1.5008676052093506 4
1731534927646 1.4892284870147705 4
1731534927804 1.4830023050308228 4
1731534927908 1.4969638586044312 4
1731534928037 1.4927743673324585 4
1731534928139 1.499900460243225 4
1731534928229 1.4968550205230713 4
1731534928330 1.495169997215271 4
1731534928416 1.4821999073028564 4
1731534928609 1.4814937114715576 4
1731534928698 1.494755744934082 4
1731534928788 1.4923330545425415 4
1731534928897 1.4750494956970215 4
1731534929032 1.4787930250167847 4
1731534929100 1.4940190315246582 4
1731534929223 1.4834370613098145 4
1731534929338 1.491247296333313 4
1731534929447 1.4869370460510254 4
1731534929748 1.4891170263290405 4
1731534929853 1.473558783531189 4
1731534929951 1.4876654148101807 4
1731534930078 1.4934594631195068 4
1731534930231 1.4901107549667358 4
1731534930382 1.506300926208496 4
