1731534139710 2.3016517162323 0
1731534139778 2.301016092300415 0
1731534139921 2.304333209991455 0
1731534139990 2.2998692989349365 0
1731534140089 2.3013126850128174 0
1731534140145 2.302128553390503 0
1731534140221 2.300279140472412 0
1731534140303 2.299921751022339 0
1731534140389 2.300959587097168 0
1731534140510 2.3024072647094727 0
1731534140593 2.300121307373047 0
1731534140685 2.2978386878967285 0
1731534140766 2.3005223274230957 0
1731534140824 2.2972464561462402 0
1731534140885 2.2954161167144775 0
1731534140977 2.296630620956421 0
1731534141027 2.296344518661499 0
1731534141081 2.2978570461273193 0
1731534141248 2.2964284420013428 0
1731534141359 2.295970916748047 0
1731534141419 2.2936525344848633 0
1731534141488 2.2935585975646973 0
1731534141581 2.2933781147003174 0
1731534141823 2.2932937145233154 0
1731534142007 2.292055130004883 0
1731534142113 2.2894046306610107 0
1731534142216 2.287752866744995 0
1731534142280 2.2897987365722656 0
1731534142530 2.2874364852905273 0
1731534142647 2.2898879051208496 0
1731534142806 2.288473606109619 0
1731534143072 2.2861433029174805 0
1731534143267 2.289376974105835 0
1731534143511 2.285492181777954 0
1731534143747 2.280360698699951 0
1731534143831 2.2895381450653076 0
1731534143962 2.2870094776153564 0
1731534144165 2.2863705158233643 0
1731534144336 2.2839527130126953 0
1731534144408 2.290935516357422 0
1731534144479 2.292022705078125 0
1731534144546 2.284172296524048 0
1731534144597 2.2890305519104004 0
1731534144661 2.278425455093384 0
1731534144741 2.2739052772521973 0
1731534144829 2.2764298915863037 0
1731534144908 2.2781567573547363 0
1731534144965 2.2784862518310547 0
1731534145021 2.275245428085327 0
1731534145087 2.276263952255249 0
1731534145168 2.278973340988159 0
