1731578811066 2.303724527359009 0
1731578811297 2.2619967460632324 0
1731578811450 2.2452332973480225 0
1731578811580 2.2018229961395264 0
1731578811695 2.178621768951416 0
1731578811804 2.117447853088379 0
1731578811914 2.0834648609161377 0
1731578812005 2.0707972049713135 0
1731578812089 2.0542380809783936 0
1731578812194 2.000138759613037 0
1731578812338 1.9971938133239746 0
1731578812519 1.9855998754501343 0
1731578812720 1.9547474384307861 0
1731578812898 1.9196432828903198 0
1731578813095 1.9319959878921509 0
1731578813265 1.9694030284881592 0
1731578813366 1.883875846862793 0
1731578813462 1.9044456481933594 0
1731578813561 1.9028820991516113 0
1731578813703 1.8700332641601562 0
1731578813807 1.9720999002456665 0
1731578813906 1.9071542024612427 0
1731578814045 1.9924534559249878 0
1731578814148 1.8996975421905518 0
1731578814241 1.8525314331054688 0
1731578814329 1.8999491930007935 0
1731578814435 1.889692783355713 0
1731578814553 1.9822498559951782 0
1731578814639 1.9130487442016602 0
1731578814735 1.8980684280395508 0
1731578814892 1.8841639757156372 0
1731578815140 1.902394413948059 0
1731578815263 1.8858872652053833 0
1731578815378 1.9106547832489014 0
1731578815473 1.8584623336791992 0
1731578815581 1.8674687147140503 0
1731578815721 1.8872755765914917 0
1731578815822 1.8820745944976807 0
1731578816060 1.9252514839172363 0
1731578816380 1.8600910902023315 0
1731578816469 1.8880935907363892 0
1731578816569 1.8682900667190552 0
1731578816672 1.842618703842163 0
1731578816754 1.8525387048721313 0
1731578816851 1.8683679103851318 0
1731578816985 1.8810337781906128 0
1731578817080 1.8855366706848145 0
1731578817212 1.8772673606872559 0
1731578817386 1.8786976337432861 0
1731578817519 1.8647810220718384 0
1731578817629 1.9272377490997314 0
1731578817725 1.8763149976730347 0
1731578817835 1.9419851303100586 0
1731578817933 1.8434650897979736 0
1731578818036 1.8569843769073486 0
1731578818281 1.8913170099258423 0
1731578818410 1.8928358554840088 0
1731578818587 1.870936393737793 0
1731578818974 1.8856816291809082 0
1731578819286 1.8748096227645874 0
1731578819470 1.8205572366714478 0
1731578819674 1.8706011772155762 0
1731578819958 1.8379414081573486 0
1731578820246 1.7977187633514404 0
1731578820442 1.8944287300109863 0
1731578820578 1.8223457336425781 0
1731578820786 1.913380742073059 0
1731578820985 1.8730241060256958 0
1731578821093 1.8693604469299316 0
1731578821216 1.910293459892273 0
1731578821383 1.9039019346237183 0
1731578821526 1.873416781425476 0
1731578821753 1.8543076515197754 0
1731578821888 1.8663755655288696 0
1731578822083 1.9324930906295776 0
1731578822261 1.8720753192901611 0
1731578822441 1.8847826719284058 0
1731578822591 1.8751338720321655 0
1731578822686 1.8712925910949707 0
1731578822791 1.8600751161575317 0
1731578822887 1.8910400867462158 0
1731578823013 1.90714693069458 0
1731578823133 1.9326351881027222 0
1731578823223 1.9470041990280151 0
1731578823324 1.8508065938949585 0
1731578823558 1.863531231880188 0
1731578823674 1.9290379285812378 0
1731578823848 1.8628408908843994 0
1731578824010 1.8513939380645752 0
1731578824115 1.9172587394714355 0
1731578824226 1.836957573890686 0
1731578824319 1.8633743524551392 0
1731578824429 1.8511955738067627 0
1731578824702 1.8971748352050781 0
1731578824878 1.854933500289917 0
1731578824984 1.8786873817443848 0
1731578825202 1.8047693967819214 0
1731578825445 1.8582110404968262 0
1731578825714 1.7902172803878784 0
1731578825825 1.8614976406097412 0
1731578826068 1.856868028640747 0
1731578826191 1.8345000743865967 0
1731578826344 1.8547849655151367 0
1731578826448 1.8068056106567383 0
1731578826570 1.8906970024108887 0
1731578826731 1.9322096109390259 0
1731578826835 1.854591727256775 0
1731578826984 1.887893557548523 0
1731578827417 1.8531116247177124 0
1731578827722 1.825575828552246 0
1731578827875 1.8639624118804932 0
1731578828077 1.8372924327850342 0
1731578828409 1.7996302843093872 0
1731578828607 1.8366180658340454 0
1731578828754 1.7586965560913086 0
1731578828905 1.7975795269012451 0
1731578829052 1.8221057653427124 0
1731578829142 1.82578444480896 0
1731578829249 1.784315824508667 0
1731578829386 1.8486233949661255 0
1731578829544 1.84672212600708 0
1731578829718 1.772497296333313 0
1731578829891 1.795719027519226 0
1731578830098 1.774237871170044 0
1731578830375 1.771195650100708 0
1731578830546 1.7714018821716309 0
1731578830767 1.7949169874191284 0
1731578830861 1.722916841506958 0
1731578830971 1.7627400159835815 0
1731578831068 1.8210967779159546 0
1731578831212 1.7552785873413086 0
1731578831379 1.746589183807373 0
1731578831499 1.7689393758773804 0
1731578831585 1.729093313217163 0
1731578831669 1.682955265045166 0
1731578831762 1.735256314277649 0
1731578831862 1.7424262762069702 0
1731578831965 1.6740121841430664 0
1731578832188 1.685929298400879 0
1731578832306 1.6874818801879883 0
1731578832423 1.755029320716858 0
1731578832598 1.7343417406082153 0
1731578832716 1.6998027563095093 0
1731578832881 1.7430263757705688 0
1731578833016 1.6758837699890137 0
1731578833161 1.7386142015457153 0
1731578833428 1.6931464672088623 0
1731578833576 1.741921067237854 0
1731578833731 1.7428789138793945 0
1731578833977 1.7239904403686523 0
1731578834113 1.7333885431289673 0
1731578834229 1.7035735845565796 0
1731578834351 1.7413270473480225 0
1731578834437 1.7058426141738892 0
1731578834545 1.6783429384231567 0
1731578834642 1.7082035541534424 0
1731578834752 1.6673966646194458 0
1731578834879 1.7053755521774292 0
1731578834985 1.6879342794418335 0
1731578835075 1.7069660425186157 0
1731578835182 1.6698988676071167 0
1731578835292 1.706750512123108 0
1731578835466 1.7286823987960815 0
1731578835678 1.671474575996399 0
1731578835914 1.6840529441833496 0
1731578836023 1.7154699563980103 0
1731578836249 1.7115730047225952 0
1731578836340 1.6991162300109863 0
1731578836441 1.6894383430480957 0
1731578836530 1.7076541185379028 0
1731578836664 1.6990227699279785 0
1731578836882 1.6932425498962402 0
1731578836997 1.6506047248840332 0
1731578837130 1.7287092208862305 0
1731578837211 1.6523804664611816 0
1731578837324 1.7033826112747192 0
1731578837441 1.7375887632369995 0
1731578837608 1.7267979383468628 0
1731578837698 1.7209289073944092 0
1731578837804 1.7145438194274902 0
1731578837936 1.6831210851669312 0
1731578838147 1.7294751405715942 0
1731578838270 1.6614327430725098 0
1731578838411 1.7163417339324951 0
1731578838523 1.6831268072128296 0
1731578838634 1.6834099292755127 0
1731578838742 1.6750661134719849 0
1731578838890 1.699195384979248 0
1731578839020 1.7196948528289795 0
1731578839150 1.7030030488967896 0
1731578839295 1.7241947650909424 0
1731578839476 1.7585012912750244 0
1731578839628 1.7183645963668823 0
1731578839793 1.6986674070358276 0
1731578839922 1.6771254539489746 0
1731578840067 1.695747971534729 0
1731578840176 1.679908275604248 0
1731578840325 1.6644471883773804 0
1731578840578 1.7185757160186768 0
1731578840776 1.67717707157135 0
1731578840884 1.6457629203796387 0
1731578840988 1.6857914924621582 0
1731578841077 1.6286426782608032 0
1731578841185 1.7300742864608765 0
1731578841275 1.6938178539276123 0
1731578841367 1.6351838111877441 0
1731578841452 1.6594328880310059 0
1731578841558 1.688854694366455 0
1731578841658 1.706545352935791 0
1731578841752 1.6746740341186523 0
1731578841862 1.6523149013519287 0
1731578841948 1.709099531173706 0
1731578842100 1.696434497833252 0
1731578842205 1.7003239393234253 0
1731578842292 1.6720097064971924 0
1731578842383 1.7196089029312134 0
1731578842475 1.6487621068954468 0
1731578842556 1.7322664260864258 0
1731578842635 1.6927788257598877 0
1731578842722 1.704164743423462 0
1731578842821 1.6754025220870972 0
1731578842920 1.719602108001709 0
1731578843012 1.6861774921417236 0
1731578843096 1.683138370513916 0
1731578843178 1.7274099588394165 0
1731578843476 1.6912132501602173 0
1731578843764 1.7243242263793945 0
1731578843862 1.7189337015151978 0
1731578843955 1.6724895238876343 0
1731578844059 1.720154881477356 0
1731578844168 1.7224255800247192 0
1731578844266 1.7208912372589111 0
1731578844353 1.7037248611450195 0
1731578844440 1.735944390296936 0
1731578844541 1.7078766822814941 0
1731578844636 1.6569935083389282 0
1731578844762 1.6313902139663696 0
1731578844859 1.7036793231964111 0
1731578844945 1.6490458250045776 0
1731578845047 1.7066694498062134 0
1731578845142 1.6593971252441406 0
1731578845293 1.7051218748092651 0
1731578845504 1.7232507467269897 0
1731578845691 1.7333626747131348 0
1731578845784 1.7277793884277344 0
1731578845873 1.6716368198394775 0
1731578845972 1.6934607028961182 0
1731578846063 1.726680874824524 0
1731578846169 1.7173281908035278 0
1731578846286 1.6790223121643066 0
1731578846386 1.6917399168014526 0
1731578846522 1.714018702507019 0
1731578846670 1.7822171449661255 0
1731578846880 1.6681498289108276 0
1731578846987 1.702485203742981 0
1731578847276 1.6654740571975708 0
1731578847431 1.6702073812484741 0
1731578847723 1.7419524192810059 0
1731578847881 1.7025022506713867 0
1731578847995 1.6718969345092773 0
1731578848087 1.6832391023635864 0
1731578848329 1.6725338697433472 0
1731578848460 1.700448751449585 0
1731578848577 1.6666375398635864 0
1731578848734 1.662706732749939 0
1731578848884 1.695016622543335 0
1731578849098 1.6914459466934204 0
1731578849261 1.6844353675842285 0
1731578849349 1.6538021564483643 0
1731578849479 1.7332830429077148 0
1731578849756 1.7244513034820557 0
1731578849883 1.7373380661010742 0
1731578849993 1.6677922010421753 0
1731578850122 1.6874297857284546 0
1731578850396 1.6813560724258423 0
1731578850600 1.6890558004379272 0
1731578850711 1.68965744972229 0
1731578850845 1.6753557920455933 0
1731578850943 1.6563689708709717 0
1731578851095 1.7073898315429688 0
1731578851233 1.7480238676071167 0
1731578851391 1.7133517265319824 0
1731578851576 1.662642240524292 0
1731578851722 1.6353554725646973 0
1731578851816 1.6961368322372437 0
1731578851909 1.6591144800186157 0
1731578852005 1.679369330406189 0
1731578852108 1.7150236368179321 0
1731578852205 1.7043509483337402 0
1731578852308 1.718092918395996 0
1731578852412 1.6665633916854858 0
1731578852504 1.6570332050323486 0
1731578852615 1.6630477905273438 0
1731578852730 1.6706866025924683 0
1731578852822 1.641247272491455 0
1731578852913 1.7292207479476929 0
1731578853015 1.7200831174850464 0
1731578853139 1.7115505933761597 0
1731578853238 1.7062654495239258 0
1731578853329 1.6692681312561035 0
1731578853513 1.68390691280365 1
1731578853714 1.6936358213424683 1
1731578853949 1.6948498487472534 1
1731578854145 1.7169212102890015 1
1731578854459 1.7082583904266357 1
1731578854548 1.6440902948379517 1
1731578854641 1.6861681938171387 1
1731578854732 1.6782346963882446 1
1731578854838 1.7186204195022583 1
1731578854926 1.6540499925613403 1
1731578855008 1.685928463935852 1
1731578855107 1.662279486656189 1
1731578855203 1.6505106687545776 1
1731578855294 1.6597555875778198 1
1731578855389 1.6882057189941406 1
1731578855486 1.7064309120178223 1
1731578855590 1.7051664590835571 1
1731578855680 1.6874101161956787 1
1731578855766 1.6684212684631348 1
1731578855861 1.6431465148925781 1
1731578855962 1.6876304149627686 1
1731578856060 1.683561086654663 1
1731578856155 1.6513601541519165 1
1731578856238 1.6692461967468262 1
1731578856353 1.689415454864502 1
1731578856477 1.6752018928527832 1
1731578856568 1.692399501800537 1
1731578856733 1.6464829444885254 1
1731578856992 1.6709240674972534 1
1731578857087 1.7118918895721436 1
1731578857181 1.708285927772522 1
1731578857289 1.68021821975708 1
1731578857394 1.634018063545227 1
1731578857543 1.6778407096862793 1
1731578857817 1.6840503215789795 1
1731578858117 1.674355149269104 1
1731578858335 1.720629096031189 1
1731578858632 1.6891685724258423 1
1731578859011 1.709486722946167 1
1731578859191 1.6593791246414185 1
1731578859346 1.6492336988449097 1
1731578859465 1.729624629020691 1
1731578859689 1.6754604578018188 1
1731578859868 1.720070481300354 1
1731578860050 1.683197021484375 1
1731578860157 1.7329074144363403 1
1731578860262 1.6994460821151733 1
1731578860479 1.7345999479293823 1
1731578860596 1.7373813390731812 1
1731578860780 1.6616380214691162 1
1731578860881 1.6564874649047852 1
1731578861071 1.702993631362915 1
1731578861246 1.659451961517334 1
1731578861601 1.693130612373352 1
1731578861939 1.7120332717895508 1
1731578862147 1.6822524070739746 1
1731578862610 1.7480045557022095 1
1731578862980 1.7190518379211426 1
1731578863206 1.687993049621582 1
1731578863420 1.6874045133590698 1
1731578863607 1.6860393285751343 1
1731578863754 1.715650200843811 1
1731578863848 1.6818658113479614 1
1731578863958 1.758323311805725 1
1731578864055 1.6628031730651855 1
1731578864143 1.7398321628570557 1
1731578864278 1.698228359222412 1
1731578864397 1.718461036682129 1
1731578864477 1.7155978679656982 1
1731578864584 1.6939094066619873 1
1731578864678 1.729454755783081 1
1731578864767 1.7097671031951904 1
1731578864854 1.6341032981872559 1
1731578864937 1.7209205627441406 1
1731578865024 1.6849745512008667 1
1731578865124 1.7044390439987183 1
1731578865218 1.7379658222198486 1
1731578865318 1.6676130294799805 1
1731578865415 1.6814985275268555 1
1731578865636 1.6790939569473267 1
1731578865729 1.678175926208496 1
1731578865823 1.6883082389831543 1
1731578865930 1.677627444267273 1
1731578866064 1.6719592809677124 1
1731578866222 1.701725721359253 1
1731578866457 1.6522698402404785 1
1731578866560 1.6552144289016724 1
1731578866655 1.6896252632141113 1
1731578866749 1.661908745765686 1
1731578866841 1.712013602256775 1
1731578866958 1.6478248834609985 1
1731578867065 1.6917755603790283 1
1731578867173 1.6685631275177002 1
1731578867266 1.7065908908843994 1
1731578867376 1.646897315979004 1
1731578867589 1.6915513277053833 1
1731578867691 1.702038288116455 1
1731578867783 1.6734596490859985 1
1731578867868 1.6864224672317505 1
1731578867946 1.6972979307174683 1
1731578868049 1.7188032865524292 1
1731578868152 1.6765462160110474 1
1731578868258 1.7220067977905273 1
1731578868349 1.6855179071426392 1
1731578868433 1.6817415952682495 1
1731578868530 1.7509323358535767 1
1731578868638 1.6723636388778687 1
1731578868829 1.7176165580749512 1
1731578868922 1.663847804069519 1
1731578869010 1.6374167203903198 1
1731578869106 1.697443962097168 1
1731578869198 1.7232753038406372 1
1731578869306 1.7068984508514404 1
1731578869545 1.6955801248550415 1
1731578869632 1.6641584634780884 1
1731578869735 1.6429638862609863 1
1731578869842 1.6720492839813232 1
1731578869938 1.6828176975250244 1
1731578870031 1.678695559501648 1
1731578870121 1.6331895589828491 1
1731578870224 1.6031686067581177 1
1731578870349 1.6793164014816284 1
1731578870460 1.6507984399795532 1
1731578870661 1.6656955480575562 1
1731578870762 1.6636120080947876 1
1731578870847 1.630517840385437 1
1731578870948 1.6453253030776978 1
1731578871054 1.6525139808654785 1
1731578871167 1.6410223245620728 1
1731578871276 1.668180227279663 1
1731578871351 1.6087853908538818 1
1731578871449 1.583080768585205 1
1731578871551 1.6238017082214355 1
1731578871660 1.64887273311615 1
1731578871761 1.6246494054794312 1
1731578871851 1.6426604986190796 1
1731578871951 1.6625903844833374 1
1731578872048 1.5876061916351318 1
1731578872164 1.624448299407959 1
1731578872247 1.6375459432601929 1
1731578872340 1.6488182544708252 1
1731578872451 1.5917302370071411 1
1731578872551 1.6657748222351074 1
1731578872665 1.6090502738952637 1
1731578872770 1.6070753335952759 1
1731578872855 1.602054238319397 1
1731578872975 1.592911958694458 1
1731578873072 1.572115421295166 1
1731578873181 1.6167889833450317 1
1731578873285 1.6176695823669434 1
1731578873391 1.6281764507293701 1
1731578873476 1.5995399951934814 1
1731578873567 1.5846307277679443 1
1731578873666 1.6066592931747437 1
1731578873753 1.6297650337219238 1
1731578873867 1.6188751459121704 1
1731578873964 1.6180049180984497 1
1731578874050 1.6086981296539307 1
1731578874154 1.5986970663070679 1
1731578874256 1.5769059658050537 1
1731578874337 1.6247848272323608 1
1731578874447 1.6265679597854614 1
1731578874550 1.602879285812378 1
1731578874656 1.6010451316833496 1
1731578874762 1.6100064516067505 1
1731578874844 1.6161437034606934 1
1731578874933 1.6030296087265015 1
1731578875021 1.6296098232269287 1
1731578875117 1.5975806713104248 1
1731578875216 1.5646084547042847 1
1731578875308 1.600144386291504 1
1731578875392 1.6555190086364746 1
1731578875476 1.6348575353622437 1
1731578875576 1.6228164434432983 1
1731578875682 1.6127907037734985 1
1731578875782 1.571762204170227 1
1731578875876 1.643247127532959 1
1731578875977 1.655039668083191 1
1731578876137 1.5944758653640747 1
1731578876242 1.5850125551223755 1
1731578876330 1.6448163986206055 1
1731578876423 1.6213328838348389 1
1731578876553 1.5916537046432495 1
1731578876671 1.5978491306304932 1
1731578876914 1.6264146566390991 1
1731578877022 1.5593712329864502 1
1731578877153 1.5982377529144287 1
1731578877339 1.6317905187606812 1
1731578877525 1.628364086151123 1
1731578877657 1.5975803136825562 1
1731578877872 1.6276750564575195 1
1731578878215 1.623826026916504 1
1731578878398 1.596442699432373 1
1731578878702 1.6320184469223022 1
1731578878850 1.5673106908798218 1
1731578878987 1.6450997591018677 1
1731578879112 1.6150126457214355 1
1731578879242 1.593977451324463 1
1731578879453 1.5796973705291748 1
1731578879629 1.5773800611495972 1
1731578879804 1.541788935661316 1
1731578879934 1.590880274772644 1
1731578880142 1.6004188060760498 1
1731578880261 1.6201050281524658 1
1731578880462 1.6204720735549927 1
1731578880575 1.5925254821777344 1
1731578880680 1.6103991270065308 1
1731578880788 1.5949052572250366 1
1731578880955 1.5745702981948853 1
1731578881254 1.607374906539917 1
1731578881378 1.6052601337432861 1
1731578881608 1.5780693292617798 1
1731578881810 1.6457948684692383 1
1731578881901 1.6155030727386475 1
1731578882021 1.5843244791030884 1
1731578882278 1.570509672164917 1
1731578882375 1.5590168237686157 1
1731578882476 1.6006271839141846 1
1731578882616 1.575666904449463 1
1731578882731 1.5984970331192017 1
1731578882830 1.607795000076294 1
1731578883040 1.570091962814331 1
1731578883213 1.601728081703186 1
1731578883394 1.6215770244598389 1
1731578883541 1.6049391031265259 1
1731578883645 1.5912671089172363 1
1731578883780 1.5622622966766357 1
1731578883896 1.5934127569198608 1
1731578884016 1.6193897724151611 1
1731578884121 1.5845463275909424 1
1731578884245 1.588855266571045 1
1731578884367 1.6203923225402832 1
1731578884482 1.6403536796569824 1
1731578884626 1.5589995384216309 1
1731578884875 1.6163166761398315 1
1731578885009 1.5790477991104126 1
1731578885178 1.606269121170044 1
1731578885335 1.6106419563293457 1
1731578885446 1.6125624179840088 1
1731578885560 1.6168583631515503 1
1731578885876 1.614484429359436 1
1731578886171 1.6007156372070312 1
1731578886525 1.5856376886367798 1
1731578886834 1.6106077432632446 1
1731578887089 1.601598858833313 1
1731578887357 1.5864421129226685 1
1731578887472 1.5773853063583374 1
1731578887589 1.5800760984420776 1
1731578887720 1.592445969581604 1
1731578887854 1.5877224206924438 1
1731578887976 1.6273221969604492 1
1731578888140 1.5831533670425415 1
1731578888267 1.6332234144210815 1
1731578888387 1.584551215171814 1
1731578888495 1.613753080368042 1
1731578888578 1.6066632270812988 1
1731578888710 1.5580618381500244 1
1731578888860 1.59345281124115 1
1731578889019 1.611270546913147 1
1731578889142 1.5980087518692017 1
1731578889260 1.5889266729354858 1
1731578889433 1.5855157375335693 1
1731578889572 1.6265416145324707 1
1731578889754 1.6035888195037842 1
1731578889926 1.5992941856384277 1
1731578890068 1.6190063953399658 1
1731578890219 1.5993738174438477 1
1731578890404 1.6004637479782104 1
1731578890517 1.5691105127334595 1
1731578890659 1.5982155799865723 1
1731578890769 1.6234341859817505 1
1731578890923 1.5961275100708008 1
1731578891070 1.5983439683914185 1
1731578891255 1.5980842113494873 1
1731578891423 1.6288107633590698 1
1731578891611 1.6115102767944336 1
1731578891818 1.613278865814209 1
1731578891970 1.6238775253295898 1
1731578892158 1.6106845140457153 1
1731578892310 1.5796247720718384 1
1731578892462 1.5807222127914429 1
1731578892612 1.6187041997909546 1
1731578892760 1.620642900466919 1
1731578892911 1.572545051574707 1
1731578893029 1.5809032917022705 1
1731578893243 1.5790058374404907 1
1731578893502 1.6181135177612305 1
1731578893689 1.6445902585983276 1
1731578893846 1.5843117237091064 1
1731578893970 1.5915930271148682 1
1731578894104 1.6238148212432861 1
1731578894253 1.5509454011917114 1
1731578894414 1.6140081882476807 1
1731578894538 1.57427978515625 1
1731578894669 1.5763005018234253 1
1731578894871 1.6552653312683105 1
1731578895020 1.5917694568634033 1
1731578895135 1.6005553007125854 1
1731578895309 1.625694751739502 1
1731578895442 1.5854253768920898 1
1731578895622 1.6128371953964233 2
1731578895830 1.5823136568069458 2
1731578896020 1.5912485122680664 2
1731578896185 1.6125907897949219 2
1731578896307 1.6000125408172607 2
1731578896606 1.5745670795440674 2
1731578896821 1.5946815013885498 2
1731578896970 1.540764331817627 2
1731578897143 1.594529628753662 2
1731578897300 1.5923081636428833 2
1731578897453 1.5755281448364258 2
1731578897728 1.5943963527679443 2
1731578897852 1.557951807975769 2
1731578897964 1.5954703092575073 2
1731578898236 1.6079181432724 2
1731578898346 1.6088097095489502 2
1731578898457 1.5981903076171875 2
1731578898574 1.6005762815475464 2
1731578898718 1.5784953832626343 2
1731578898940 1.6051384210586548 2
1731578899057 1.5986487865447998 2
1731578899166 1.5998754501342773 2
1731578899263 1.5976643562316895 2
1731578899380 1.5943928956985474 2
1731578899483 1.5672155618667603 2
1731578899606 1.607671856880188 2
1731578899726 1.5577870607376099 2
1731578899893 1.5963929891586304 2
1731578900060 1.5740907192230225 2
1731578900178 1.5735784769058228 2
1731578900310 1.6067442893981934 2
1731578900450 1.6085669994354248 2
1731578900568 1.5996776819229126 2
1731578900704 1.5912606716156006 2
1731578900804 1.5848705768585205 2
1731578900912 1.568793535232544 2
1731578901023 1.5626771450042725 2
1731578901138 1.6117478609085083 2
1731578901233 1.6186671257019043 2
1731578901346 1.6345607042312622 2
1731578901460 1.594667673110962 2
1731578901577 1.6346861124038696 2
1731578901703 1.5660083293914795 2
1731578901812 1.610363483428955 2
1731578901917 1.5610222816467285 2
1731578902020 1.582058310508728 2
1731578902137 1.5674667358398438 2
1731578902234 1.5944944620132446 2
1731578902333 1.5476713180541992 2
1731578902433 1.592963695526123 2
1731578902533 1.5644677877426147 2
1731578902636 1.569138765335083 2
1731578902792 1.6186238527297974 2
1731578902883 1.5649229288101196 2
1731578903016 1.5998775959014893 2
1731578903251 1.62764310836792 2
1731578903451 1.6014329195022583 2
1731578903560 1.6208200454711914 2
1731578903683 1.6152933835983276 2
1731578903774 1.5477447509765625 2
1731578903881 1.6268441677093506 2
1731578903989 1.6283384561538696 2
1731578904109 1.5657479763031006 2
1731578904224 1.5910815000534058 2
1731578904328 1.6309279203414917 2
1731578904436 1.638480544090271 2
1731578904567 1.5943515300750732 2
1731578904700 1.5887694358825684 2
1731578904886 1.590499997138977 2
1731578905042 1.5925272703170776 2
1731578905188 1.5649031400680542 2
1731578905347 1.574553370475769 2
1731578905473 1.5381296873092651 2
1731578905572 1.5070686340332031 2
1731578905697 1.5509049892425537 2
1731578905937 1.5048445463180542 2
1731578906024 1.5276004076004028 2
1731578906138 1.527369499206543 2
1731578906252 1.5196948051452637 2
1731578906356 1.5295878648757935 2
1731578906461 1.5082288980484009 2
1731578906569 1.503705620765686 2
1731578906693 1.5238243341445923 2
1731578906791 1.5279252529144287 2
1731578906885 1.5209431648254395 2
1731578907013 1.5134665966033936 2
1731578907159 1.4994970560073853 2
1731578907260 1.5108439922332764 2
1731578907387 1.5168555974960327 2
1731578907605 1.5157417058944702 2
1731578907709 1.5037751197814941 2
1731578907854 1.5198498964309692 2
1731578908005 1.5179411172866821 2
1731578908265 1.4737505912780762 2
1731578908409 1.517569899559021 2
1731578908716 1.503594160079956 2
1731578908976 1.5240646600723267 2
1731578909168 1.5368402004241943 2
1731578909276 1.5017595291137695 2
1731578909449 1.5074169635772705 2
1731578909579 1.504204273223877 2
1731578909719 1.5054948329925537 2
1731578909878 1.5124709606170654 2
1731578910011 1.4964720010757446 2
1731578910108 1.495050311088562 2
1731578910228 1.5035814046859741 2
1731578910345 1.5112875699996948 2
1731578910494 1.5150783061981201 2
1731578910651 1.505577564239502 2
1731578910771 1.4908027648925781 2
1731578910890 1.545295000076294 2
1731578911023 1.5190658569335938 2
1731578911206 1.5132396221160889 2
1731578911320 1.500566840171814 2
1731578911452 1.4967050552368164 2
1731578911629 1.5268902778625488 2
1731578911827 1.5238250494003296 2
1731578911978 1.508924961090088 2
1731578912143 1.4753495454788208 2
1731578912315 1.4911831617355347 2
1731578912470 1.510590672492981 2
1731578912630 1.5303877592086792 2
1731578912811 1.519628643989563 2
1731578912950 1.4982014894485474 2
1731578913054 1.5077004432678223 2
1731578913224 1.490431547164917 2
1731578913512 1.511742353439331 2
1731578913688 1.4930092096328735 2
1731578913838 1.503706932067871 2
1731578914083 1.4853154420852661 2
1731578914277 1.48870050907135 2
1731578914469 1.5022937059402466 2
1731578914613 1.4936946630477905 2
1731578914734 1.4939570426940918 2
1731578914852 1.4795527458190918 2
1731578914990 1.4933863878250122 2
1731578915174 1.5036914348602295 2
1731578915264 1.5063755512237549 2
1731578915376 1.5217595100402832 2
1731578915492 1.5045063495635986 2
1731578915620 1.5316367149353027 2
1731578915793 1.504091501235962 2
1731578915916 1.501518964767456 2
1731578916037 1.4938642978668213 2
1731578916200 1.4778550863265991 2
1731578916407 1.5013295412063599 2
1731578916561 1.500517725944519 2
1731578916737 1.4969067573547363 2
1731578916884 1.5105621814727783 2
1731578917053 1.5148420333862305 2
1731578917211 1.496374487876892 2
1731578917372 1.4936200380325317 2
1731578917527 1.4974173307418823 2
1731578917670 1.4965440034866333 2
1731578917825 1.4839760065078735 2
1731578917958 1.514022707939148 2
1731578918109 1.5004773139953613 2
1731578918261 1.5104674100875854 2
1731578918504 1.4882339239120483 2
1731578918677 1.501021146774292 2
1731578918800 1.4871606826782227 2
1731578918918 1.493346095085144 2
1731578919067 1.4961647987365723 2
1731578919197 1.5190048217773438 2
1731578919331 1.5044927597045898 2
1731578919495 1.5035022497177124 2
1731578919640 1.5092321634292603 2
1731578919844 1.4861809015274048 2
1731578920059 1.498000979423523 2
1731578920368 1.4811820983886719 2
1731578920569 1.513519287109375 2
1731578920728 1.493860125541687 2
1731578920855 1.4990156888961792 2
1731578921021 1.4999982118606567 2
1731578921245 1.486770749092102 2
1731578921442 1.487199306488037 2
1731578921588 1.5065115690231323 2
1731578921713 1.5119575262069702 2
1731578921847 1.5011612176895142 2
1731578921995 1.499342679977417 2
1731578922148 1.4979124069213867 2
1731578922302 1.4799902439117432 2
1731578922410 1.4941658973693848 2
1731578922545 1.513696551322937 2
1731578922703 1.5013389587402344 2
1731578922867 1.4861074686050415 2
1731578923085 1.513930082321167 2
1731578923260 1.5021415948867798 2
1731578923377 1.4960078001022339 2
1731578923476 1.4978715181350708 2
1731578923593 1.5020333528518677 2
1731578923851 1.5130444765090942 2
1731578924057 1.4904320240020752 2
1731578924159 1.4876781702041626 2
1731578924279 1.4962420463562012 2
1731578924403 1.50514554977417 2
1731578924527 1.479612112045288 2
1731578924640 1.5115362405776978 2
1731578924785 1.5185561180114746 2
1731578925045 1.4928303956985474 2
1731578925188 1.4950867891311646 2
1731578925290 1.5012985467910767 2
1731578925407 1.5041676759719849 2
1731578925526 1.4919407367706299 2
1731578925628 1.5096501111984253 2
1731578925744 1.495653510093689 2
1731578925871 1.5083580017089844 2
1731578926163 1.4944915771484375 2
1731578926296 1.4932218790054321 2
1731578926412 1.50026535987854 2
1731578926529 1.4970921277999878 2
1731578926844 1.483618140220642 2
1731578927140 1.4964367151260376 2
1731578927490 1.502463698387146 2
1731578927773 1.5019421577453613 2
1731578927901 1.5214580297470093 2
1731578928012 1.5027562379837036 2
1731578928126 1.5006228685379028 2
1731578928249 1.5085052251815796 2
1731578928512 1.5126804113388062 2
1731578928662 1.5022653341293335 2
1731578928794 1.4918655157089233 2
1731578928918 1.4981809854507446 2
1731578929044 1.5058603286743164 2
1731578929178 1.4849697351455688 2
1731578929293 1.5033226013183594 2
1731578929409 1.5039256811141968 2
1731578929534 1.492997169494629 2
1731578929803 1.492742896080017 2
1731578930006 1.4906405210494995 2
1731578930339 1.489793062210083 2
1731578930477 1.4831947088241577 2
1731578930606 1.5015383958816528 2
1731578930730 1.4828388690948486 2
1731578931001 1.4976965188980103 2
1731578931160 1.4813803434371948 2
1731578931318 1.4744088649749756 2
1731578931497 1.492530345916748 2
1731578931670 1.4775631427764893 2
1731578931851 1.4945236444473267 2
1731578931963 1.5065529346466064 2
1731578932091 1.4845683574676514 2
1731578932209 1.4833731651306152 2
1731578932503 1.507676362991333 2
1731578932763 1.4865669012069702 2
1731578933045 1.500053882598877 2
1731578933214 1.5054415464401245 2
1731578933338 1.4864487648010254 2
1731578933509 1.510898470878601 2
1731578933644 1.4945238828659058 2
1731578933749 1.5055404901504517 2
1731578933901 1.4977647066116333 2
1731578934001 1.4910029172897339 2
1731578934108 1.4957454204559326 2
1731578934220 1.4842963218688965 2
1731578934348 1.4922263622283936 2
1731578934455 1.499943733215332 2
1731578934560 1.4766170978546143 2
1731578934714 1.4806294441223145 2
1731578934907 1.4758665561676025 2
1731578935050 1.5123529434204102 2
1731578935148 1.4940720796585083 2
1731578935247 1.49403977394104 2
1731578935361 1.497214674949646 2
1731578935464 1.4919853210449219 2
1731578935587 1.4956984519958496 2
1731578935689 1.4897042512893677 2
1731578935783 1.4780209064483643 2
1731578935876 1.4798004627227783 2
1731578935983 1.495091438293457 2
1731578936079 1.4890323877334595 2
1731578936180 1.4980230331420898 2
1731578936284 1.5271992683410645 2
1731578936376 1.4916656017303467 2
1731578936466 1.488561987876892 2
1731578936558 1.5031245946884155 2
1731578936651 1.5089995861053467 2
1731578936734 1.5006240606307983 2
1731578936823 1.4960792064666748 2
1731578936928 1.5130969285964966 2
1731578937012 1.4926775693893433 2
1731578937106 1.5063003301620483 2
1731578937236 1.4923577308654785 2
1731578937334 1.4827216863632202 2
1731578937440 1.5127009153366089 2
1731578937657 1.5042431354522705 2
1731578937741 1.48575758934021 2
1731578937826 1.4892258644104004 2
1731578937930 1.4886481761932373 2
1731578938029 1.4852598905563354 2
1731578938222 1.4940643310546875 2
1731578938317 1.5007967948913574 2
1731578938408 1.4830329418182373 2
1731578938495 1.4919090270996094 2
1731578938614 1.5072821378707886 2
1731578938699 1.4864509105682373 2
1731578938785 1.4940364360809326 2
1731578938866 1.4839794635772705 2
1731578938963 1.5029875040054321 2
1731578939064 1.4877396821975708 2
1731578939178 1.4912998676300049 3
1731578939265 1.4839831590652466 3
1731578939365 1.491225004196167 3
1731578939450 1.486687421798706 3
1731578939549 1.509544014930725 3
1731578939638 1.4824327230453491 3
1731578939737 1.4906494617462158 3
1731578939844 1.5032771825790405 3
1731578939930 1.4836174249649048 3
1731578940062 1.4883837699890137 3
1731578940311 1.4938310384750366 3
1731578940419 1.4974976778030396 3
1731578940522 1.4971718788146973 3
1731578940632 1.4890222549438477 3
1731578940749 1.4882724285125732 3
1731578940845 1.496591329574585 3
1731578940936 1.5092527866363525 3
1731578941027 1.4949121475219727 3
1731578941124 1.4917302131652832 3
1731578941225 1.4918290376663208 3
1731578941352 1.4867135286331177 3
1731578941483 1.4689935445785522 3
1731578941597 1.4953962564468384 3
1731578941733 1.486251711845398 3
1731578941855 1.4768803119659424 3
1731578941998 1.4843138456344604 3
1731578942160 1.4760299921035767 3
1731578942246 1.4958391189575195 3
1731578942352 1.4848387241363525 3
1731578942514 1.4996851682662964 3
1731578942630 1.4956947565078735 3
1731578942742 1.4869987964630127 3
1731578942842 1.497959852218628 3
1731578942947 1.471043348312378 3
1731578943140 1.476620078086853 3
1731578943260 1.490983009338379 3
1731578943365 1.505427360534668 3
1731578943486 1.4809712171554565 3
1731578943664 1.504103660583496 3
1731578943759 1.4884170293807983 3
1731578943869 1.4930909872055054 3
1731578943979 1.4892631769180298 3
1731578944075 1.4962921142578125 3
1731578944206 1.4809532165527344 3
1731578944446 1.4945443868637085 3
1731578944567 1.4892643690109253 3
1731578944672 1.4829986095428467 3
1731578944770 1.4783523082733154 3
1731578944918 1.5050339698791504 3
1731578945058 1.483370304107666 3
1731578945154 1.4975292682647705 3
1731578945238 1.485926628112793 3
1731578945324 1.4853631258010864 3
1731578945547 1.4747744798660278 3
1731578945683 1.489155888557434 3
1731578945808 1.4810785055160522 3
1731578946168 1.4924403429031372 3
1731578946381 1.4899413585662842 3
1731578946572 1.4939913749694824 3
1731578946756 1.4845486879348755 3
1731578947129 1.4924414157867432 3
1731578947450 1.4972317218780518 3
1731578947797 1.5065276622772217 3
1731578948053 1.4816992282867432 3
1731578948467 1.491355299949646 3
1731578948550 1.4880985021591187 3
1731578948678 1.4717910289764404 3
1731578948917 1.497499704360962 3
1731578949062 1.4964969158172607 3
1731578949236 1.482575535774231 3
1731578949396 1.4994893074035645 3
1731578949583 1.4861102104187012 3
1731578949721 1.486348271369934 3
1731578949856 1.4957928657531738 3
1731578949962 1.488195538520813 3
1731578950237 1.4879382848739624 3
1731578950433 1.4882038831710815 3
1731578950528 1.4792377948760986 3
1731578950690 1.472382664680481 3
1731578950844 1.4927350282669067 3
1731578951021 1.5168925523757935 3
1731578951280 1.4860817193984985 3
1731578951389 1.488805890083313 3
1731578951495 1.4991968870162964 3
1731578951601 1.4759085178375244 3
1731578951760 1.5006849765777588 3
1731578951948 1.4966429471969604 3
1731578952164 1.4901390075683594 3
1731578952344 1.4815583229064941 3
1731578952440 1.4903721809387207 3
1731578952569 1.4868571758270264 3
1731578952672 1.4918246269226074 3
1731578952787 1.4882076978683472 3
1731578952881 1.4777166843414307 3
1731578952977 1.4846383333206177 3
1731578953100 1.4994056224822998 3
1731578953206 1.487532377243042 3
1731578953511 1.4854763746261597 3
1731578953627 1.5025500059127808 3
1731578953774 1.4872514009475708 3
1731578953930 1.4910961389541626 3
1731578954094 1.493739366531372 3
1731578954194 1.4847694635391235 3
1731578954296 1.4790576696395874 3
1731578954395 1.4844598770141602 3
1731578954517 1.4945300817489624 3
1731578954646 1.500657558441162 3
1731578954843 1.491405963897705 3
1731578954986 1.5005184412002563 3
1731578955145 1.506222128868103 3
1731578955281 1.4970604181289673 3
1731578955598 1.4849274158477783 3
1731578955717 1.484126091003418 3
1731578955852 1.4857168197631836 3
1731578955968 1.4978774785995483 3
1731578956241 1.4893276691436768 3
1731578956605 1.4787639379501343 3
1731578956927 1.4824433326721191 3
1731578957041 1.4824926853179932 3
1731578957157 1.4779225587844849 3
1731578957294 1.500217080116272 3
1731578957429 1.5001336336135864 3
1731578957590 1.4711097478866577 3
1731578957756 1.4825329780578613 3
1731578957926 1.4918174743652344 3
1731578958085 1.4937840700149536 3
1731578958211 1.4920814037322998 3
1731578958371 1.496766209602356 3
1731578958568 1.4782929420471191 3
1731578958775 1.4832580089569092 3
1731578958937 1.4951410293579102 3
1731578959068 1.4793189764022827 3
1731578959200 1.4909418821334839 3
1731578959364 1.4992436170578003 3
1731578959529 1.4861626625061035 3
1731578959695 1.4905587434768677 3
1731578959883 1.4876691102981567 3
1731578960064 1.4930262565612793 3
1731578960247 1.4797844886779785 3
1731578960495 1.4968938827514648 3
1731578960754 1.4824607372283936 3
1731578960959 1.4678438901901245 3
1731578961227 1.4886928796768188 3
1731578961507 1.4757819175720215 3
1731578961716 1.4927725791931152 3
1731578961942 1.4864048957824707 3
1731578962089 1.4806342124938965 3
1731578962269 1.489512324333191 3
1731578962588 1.486571192741394 3
1731578962768 1.4840099811553955 3
1731578962947 1.505138874053955 3
1731578963135 1.4923241138458252 3
1731578963323 1.4718714952468872 3
1731578963482 1.4767696857452393 3
1731578963591 1.474841594696045 3
1731578963706 1.4753749370574951 3
1731578963818 1.4946990013122559 3
1731578963952 1.485327124595642 3
1731578964073 1.5016528367996216 3
1731578964190 1.4881211519241333 3
1731578964309 1.485306739807129 3
1731578964414 1.5058003664016724 3
1731578964584 1.4751441478729248 3
1731578964707 1.4868202209472656 3
1731578964820 1.4757498502731323 3
1731578964924 1.4962657690048218 3
1731578965056 1.5111294984817505 3
1731578965179 1.501908779144287 3
1731578965330 1.4832569360733032 3
1731578965479 1.4769244194030762 3
1731578965669 1.4750458002090454 3
1731578965874 1.502234935760498 3
1731578965988 1.4885221719741821 3
1731578966261 1.492843747138977 3
1731578966393 1.4964914321899414 3
1731578966575 1.4762067794799805 3
1731578966744 1.4706854820251465 3
1731578966908 1.4824987649917603 3
1731578967088 1.4907079935073853 3
1731578967212 1.4862600564956665 3
1731578967496 1.4876186847686768 3
1731578967617 1.4974175691604614 3
1731578967724 1.4922469854354858 3
1731578968013 1.4921824932098389 3
1731578968166 1.4703903198242188 3
1731578968287 1.4993982315063477 3
1731578968410 1.5031574964523315 3
1731578968524 1.481521725654602 3
1731578968661 1.4842544794082642 3
1731578968794 1.5108637809753418 3
1731578968924 1.5022245645523071 3
1731578969050 1.4674677848815918 3
1731578969214 1.487058162689209 3
1731578969308 1.5000613927841187 3
1731578969417 1.4874472618103027 3
1731578969513 1.4813586473464966 3
1731578969637 1.4796152114868164 3
1731578969767 1.4877040386199951 3
1731578969892 1.479637861251831 3
1731578970026 1.4955500364303589 3
1731578970226 1.4910274744033813 3
1731578970404 1.4860035181045532 3
1731578970570 1.4711236953735352 3
1731578970710 1.4874824285507202 3
1731578970923 1.4729108810424805 3
1731578971042 1.500311017036438 3
1731578971183 1.4885897636413574 3
1731578971337 1.4891357421875 3
1731578971489 1.5165932178497314 3
1731578971661 1.4784271717071533 3
1731578971807 1.49183988571167 3
1731578971975 1.4748975038528442 3
1731578972188 1.4936819076538086 3
1731578972344 1.4833970069885254 3
1731578972452 1.4753855466842651 3
1731578972597 1.4886713027954102 3
1731578972709 1.4874180555343628 3
1731578972861 1.4931154251098633 3
1731578972989 1.4840178489685059 3
1731578973142 1.4903807640075684 3
1731578973324 1.4875260591506958 3
1731578973455 1.4965312480926514 3
1731578973677 1.4793107509613037 3
1731578973826 1.49518620967865 3
1731578973958 1.489875078201294 3
1731578974053 1.4741194248199463 3
1731578974168 1.4833012819290161 3
1731578974289 1.4882957935333252 3
1731578974460 1.4961216449737549 3
1731578974655 1.479469656944275 3
1731578974769 1.4877249002456665 3
1731578974962 1.4807188510894775 3
1731578975169 1.4850525856018066 3
1731578975360 1.47223699092865 3
1731578975492 1.4785836935043335 3
1731578975624 1.4778127670288086 3
1731578975753 1.4909145832061768 3
1731578975901 1.5034176111221313 3
1731578976021 1.49129056930542 3
1731578976404 1.4911309480667114 3
1731578976665 1.4954136610031128 3
1731578976858 1.4876163005828857 3
1731578976958 1.4989523887634277 3
1731578977187 1.469266414642334 3
1731578977278 1.4786564111709595 3
1731578977407 1.479891300201416 3
1731578977591 1.5000107288360596 3
1731578977895 1.4703319072723389 3
1731578978149 1.4979389905929565 3
1731578978273 1.5029622316360474 3
1731578978404 1.472998857498169 3
1731578978666 1.4743201732635498 3
1731578978967 1.4918677806854248 3
1731578979058 1.4797112941741943 3
1731578979195 1.4849252700805664 3
1731578979353 1.5021671056747437 3
1731578979513 1.4975990056991577 3
1731578979646 1.4773361682891846 3
1731578979882 1.5163193941116333 3
1731578980200 1.501535177230835 3
1731578980409 1.5025246143341064 3
1731578980559 1.4878867864608765 3
1731578980717 1.503207802772522 3
1731578980834 1.5203771591186523 3
1731578980952 1.487703561782837 3
1731578981146 1.4729899168014526 3
1731578981471 1.4760658740997314 3
1731578981575 1.4939281940460205 3
1731578981840 1.4842970371246338 3
1731578982040 1.4868559837341309 3
1731578982499 1.5118719339370728 3
1731578982777 1.4947274923324585 3
1731578982897 1.4878545999526978 3
1731578983046 1.4749151468276978 3
1731578983194 1.4731310606002808 3
1731578983373 1.5000354051589966 3
1731578983491 1.478089451789856 3
1731578983744 1.5161306858062744 3
1731578983877 1.48720383644104 3
1731578984017 1.4805241823196411 3
1731578984109 1.4892033338546753 3
1731578984213 1.5015952587127686 3
1731578984311 1.5030126571655273 3
1731578984402 1.4882419109344482 3
1731578984524 1.492600440979004 3
1731578984775 1.486052393913269 3
1731578984871 1.4909083843231201 3
1731578984980 1.4948832988739014 3
1731578985233 1.5021963119506836 3
1731578985335 1.478563666343689 3
1731578985449 1.4885913133621216 3
1731578985568 1.5114854574203491 3
1731578985666 1.4978750944137573 3
1731578985763 1.512985348701477 3
1731578985854 1.4932266473770142 3
1731578985939 1.487477421760559 3
1731578986059 1.480035662651062 3
1731578986164 1.4788769483566284 3
1731578986247 1.4806523323059082 3
1731578986326 1.4927085638046265 3
1731578986434 1.471450924873352 4
1731578986524 1.4830642938613892 4
1731578986622 1.484890103340149 4
1731578986709 1.489659070968628 4
1731578986810 1.4865806102752686 4
1731578986935 1.4865983724594116 4
1731578987019 1.4800081253051758 4
1731578987109 1.4923481941223145 4
1731578987337 1.489733099937439 4
1731578987431 1.4891440868377686 4
1731578987692 1.4860572814941406 4
1731578987814 1.4852763414382935 4
1731578987948 1.4703160524368286 4
1731578988089 1.4954267740249634 4
1731578988197 1.4898884296417236 4
1731578988353 1.4748032093048096 4
1731578988447 1.4906742572784424 4
1731578988537 1.48726224899292 4
1731578988624 1.4913864135742188 4
1731578988803 1.4862867593765259 4
1731578988914 1.4903532266616821 4
1731578989136 1.4855705499649048 4
1731578989311 1.4932928085327148 4
1731578989469 1.491265892982483 4
1731578989548 1.4983938932418823 4
1731578989646 1.4755133390426636 4
1731578989732 1.4808648824691772 4
1731578989825 1.4758015871047974 4
1731578989955 1.4847383499145508 4
1731578990064 1.4941198825836182 4
1731578990164 1.4855353832244873 4
1731578990266 1.4922583103179932 4
1731578990450 1.4640883207321167 4
1731578990538 1.4838916063308716 4
1731578990657 1.4817109107971191 4
1731578990855 1.4840044975280762 4
1731578990985 1.4885292053222656 4
1731578991091 1.4823029041290283 4
1731578991296 1.4810370206832886 4
1731578991385 1.4835991859436035 4
1731578991477 1.4906539916992188 4
1731578991559 1.4703383445739746 4
1731578991657 1.5001881122589111 4
1731578991742 1.4811633825302124 4
1731578991833 1.48686945438385 4
1731578991930 1.4887160062789917 4
1731578992055 1.4925915002822876 4
1731578992252 1.4820585250854492 4
1731578992343 1.4720697402954102 4
1731578992435 1.4734872579574585 4
1731578992538 1.485816478729248 4
1731578992643 1.4801048040390015 4
1731578992734 1.4695520401000977 4
1731578992812 1.4872925281524658 4
1731578992913 1.4805710315704346 4
1731578993000 1.4866125583648682 4
1731578993091 1.4844343662261963 4
1731578993180 1.4762322902679443 4
1731578993277 1.5021319389343262 4
1731578993365 1.4797848463058472 4
1731578993470 1.473526120185852 4
1731578993553 1.4833041429519653 4
1731578993646 1.4858201742172241 4
1731578993740 1.4926481246948242 4
1731578993846 1.4746603965759277 4
1731578993928 1.481553554534912 4
1731578994011 1.4861128330230713 4
1731578994101 1.4951499700546265 4
1731578994192 1.4840244054794312 4
1731578994294 1.4842827320098877 4
1731578994380 1.4712839126586914 4
1731578994471 1.4839516878128052 4
1731578994555 1.4678943157196045 4
1731578994644 1.4676544666290283 4
1731578994737 1.483514666557312 4
1731578994837 1.4841078519821167 4
1731578994925 1.4668306112289429 4
1731578995019 1.4829163551330566 4
1731578995136 1.4892964363098145 4
1731578995242 1.468133568763733 4
1731578995326 1.4731417894363403 4
1731578995426 1.4824327230453491 4
1731578995514 1.5168124437332153 4
1731578995611 1.4823410511016846 4
1731578995699 1.4859963655471802 4
1731578995794 1.4644019603729248 4
1731578995885 1.479487657546997 4
1731578995977 1.4831945896148682 4
1731578996068 1.4806513786315918 4
1731578996173 1.4881248474121094 4
1731578996271 1.484046220779419 4
1731578996368 1.4745601415634155 4
1731578996450 1.4982669353485107 4
1731578996536 1.490278959274292 4
1731578996636 1.4878076314926147 4
1731578996729 1.4790960550308228 4
1731578996824 1.4781979322433472 4
1731578996931 1.4849070310592651 4
1731578997030 1.4768328666687012 4
1731578997299 1.489192008972168 4
1731578997497 1.4986796379089355 4
1731578997702 1.486220359802246 4
1731578997808 1.4958176612854004 4
1731578997901 1.479475975036621 4
1731578997999 1.4847031831741333 4
1731578998178 1.4675626754760742 4
1731578998370 1.476973295211792 4
1731578998459 1.472164511680603 4
1731578998561 1.4804725646972656 4
1731578998675 1.4734396934509277 4
1731578998787 1.484922170639038 4
1731578998887 1.4801304340362549 4
1731578998981 1.4744203090667725 4
1731578999074 1.4836407899856567 4
1731578999198 1.4860023260116577 4
1731578999294 1.497623085975647 4
1731578999391 1.4854031801223755 4
1731578999511 1.496864914894104 4
1731578999594 1.470473289489746 4
1731578999697 1.4765985012054443 4
1731578999793 1.473496913909912 4
1731578999922 1.4743510484695435 4
1731579000050 1.4841595888137817 4
1731579000242 1.4723440408706665 4
1731579000419 1.4933308362960815 4
1731579000602 1.4907597303390503 4
1731579000788 1.4860451221466064 4
1731579000989 1.472609519958496 4
1731579001269 1.4800316095352173 4
1731579001514 1.4795571565628052 4
1731579001733 1.4955848455429077 4
1731579001941 1.4754928350448608 4
1731579002087 1.4782748222351074 4
1731579002221 1.4798420667648315 4
1731579002318 1.4706621170043945 4
1731579002421 1.4824162721633911 4
1731579002522 1.473850965499878 4
1731579002639 1.4788824319839478 4
1731579002740 1.4836208820343018 4
1731579002822 1.4785676002502441 4
1731579002913 1.4944311380386353 4
1731579003011 1.4930627346038818 4
1731579003107 1.4767686128616333 4
1731579003198 1.478675365447998 4
1731579003285 1.4814820289611816 4
1731579003368 1.479597806930542 4
1731579003468 1.4700491428375244 4
1731579003559 1.4946355819702148 4
1731579003640 1.4722812175750732 4
1731579003737 1.4820098876953125 4
1731579003828 1.4733309745788574 4
1731579003921 1.4795184135437012 4
1731579004008 1.4958969354629517 4
1731579004112 1.484334111213684 4
1731579004209 1.4830682277679443 4
1731579004312 1.4909858703613281 4
1731579004400 1.4956886768341064 4
1731579004503 1.492933988571167 4
1731579004606 1.4958817958831787 4
1731579004708 1.4782538414001465 4
1731579004804 1.4862252473831177 4
1731579004910 1.4930490255355835 4
1731579005006 1.4682857990264893 4
1731579005090 1.4830882549285889 4
1731579005183 1.4834272861480713 4
1731579005284 1.483565092086792 4
1731579005383 1.495305061340332 4
1731579005473 1.4664607048034668 4
1731579005564 1.4841917753219604 4
1731579005670 1.4809980392456055 4
1731579005768 1.473132610321045 4
1731579005866 1.4741624593734741 4
1731579005957 1.4810909032821655 4
1731579006059 1.4721095561981201 4
1731579006145 1.4991592168807983 4
1731579006236 1.4859912395477295 4
1731579006323 1.496387004852295 4
1731579006409 1.4968011379241943 4
1731579006516 1.486352801322937 4
1731579006621 1.4860432147979736 4
1731579006709 1.4659265279769897 4
1731579006867 1.476641058921814 4
1731579006950 1.4755078554153442 4
1731579007100 1.484824776649475 4
1731579007189 1.4937630891799927 4
1731579007268 1.4816359281539917 4
1731579007355 1.480099081993103 4
1731579007434 1.4674257040023804 4
1731579007530 1.479874849319458 4
1731579007619 1.487953782081604 4
1731579007709 1.4957472085952759 4
1731579007797 1.48317289352417 4
1731579007901 1.4855642318725586 4
1731579008003 1.4820820093154907 4
1731579008088 1.4725934267044067 4
1731579008193 1.4917811155319214 4
1731579008289 1.4814810752868652 4
1731579008401 1.4768012762069702 4
1731579008524 1.4906151294708252 4
1731579008622 1.470424771308899 4
1731579008707 1.4837181568145752 4
1731579008787 1.492784857749939 4
1731579008900 1.4870820045471191 4
1731579009002 1.4784430265426636 4
1731579009096 1.4771718978881836 4
1731579009189 1.4870631694793701 4
1731579009301 1.4759188890457153 4
1731579009540 1.485504150390625 4
1731579009637 1.4711929559707642 4
1731579009739 1.4855440855026245 4
1731579009831 1.4791866540908813 4
1731579009915 1.478134036064148 4
1731579010090 1.4773467779159546 4
1731579010326 1.477763056755066 4
1731579010418 1.50974702835083 4
1731579010514 1.4875749349594116 4
1731579010612 1.4827827215194702 4
1731579010716 1.478518009185791 4
1731579010827 1.4874491691589355 4
1731579010926 1.4784377813339233 4
1731579011009 1.474336862564087 4
1731579011091 1.4822601079940796 4
1731579011183 1.4696404933929443 4
1731579011399 1.4753968715667725 4
1731579011539 1.477036476135254 4
1731579011623 1.4763038158416748 4
1731579011713 1.482517123222351 4
1731579011796 1.4790585041046143 4
1731579011895 1.4886448383331299 4
1731579011995 1.4718283414840698 4
1731579012082 1.4814075231552124 4
1731579012172 1.4941003322601318 4
1731579012260 1.475488543510437 4
1731579012343 1.4860756397247314 4
1731579012437 1.4811372756958008 4
1731579012530 1.4794021844863892 4
1731579012640 1.4849449396133423 4
1731579012747 1.4926447868347168 4
1731579012984 1.4977868795394897 4
1731579013097 1.4816774129867554 4
1731579013231 1.4895119667053223 4
1731579013328 1.4834767580032349 4
1731579013424 1.4821778535842896 4
1731579013514 1.4923650026321411 4
1731579013620 1.4704835414886475 4
1731579013727 1.476248025894165 4
1731579013820 1.4802327156066895 4
1731579013915 1.4860895872116089 4
1731579013998 1.4862006902694702 4
1731579014084 1.496802568435669 4
1731579014176 1.481514573097229 4
1731579014261 1.4923499822616577 4
1731579014351 1.4897792339324951 4
1731579014446 1.4814174175262451 4
1731579014542 1.4836914539337158 4
1731579014636 1.4854457378387451 4
1731579014725 1.4756039381027222 4
1731579014819 1.480044960975647 4
1731579014918 1.4780495166778564 4
1731579015032 1.4893622398376465 4
1731579015134 1.4927860498428345 4
1731579015222 1.4775526523590088 4
1731579015306 1.4843721389770508 4
1731579015392 1.490188717842102 4
1731579015475 1.4868550300598145 4
1731579015562 1.4875776767730713 4
1731579015657 1.4820356369018555 4
1731579015757 1.4876677989959717 4
1731579015840 1.4801369905471802 4
1731579015947 1.4898486137390137 4
1731579016097 1.483415126800537 4
1731579016211 1.485194444656372 4
1731579016316 1.4737887382507324 4
1731579016510 1.4937454462051392 4
1731579016592 1.4857913255691528 4
1731579016676 1.4784241914749146 4
1731579016763 1.492246150970459 4
1731579016854 1.476628065109253 4
1731579016953 1.4885231256484985 4
1731579017050 1.4825416803359985 4
1731579017147 1.470482349395752 4
1731579017353 1.4889618158340454 4
1731579017558 1.4981274604797363 4
1731579017664 1.481897234916687 4
1731579017846 1.472963571548462 4
1731579017932 1.5064058303833008 4
1731579018023 1.4728577136993408 4
1731579018112 1.474532127380371 4
1731579018394 1.4945859909057617 4
1731579018490 1.4862282276153564 4
1731579018599 1.4918265342712402 4
1731579018703 1.4712704420089722 4
1731579018806 1.4758648872375488 4
1731579018906 1.4990298748016357 4
1731579019008 1.4874463081359863 4
1731579019096 1.4738203287124634 4
1731579019194 1.4949711561203003 4
1731579019296 1.4732111692428589 4
1731579019395 1.4885021448135376 4
1731579019480 1.4809260368347168 4
