1731587374342 2.3029017448425293 0
1731587374588 2.3449795246124268 0
1731587374714 2.218663215637207 0
1731587374786 2.1317355632781982 0
1731587374860 2.23362135887146 0
1731587374926 2.0998620986938477 0
1731587375031 2.1016299724578857 0
1731587375161 2.1601741313934326 0
1731587375236 2.1508584022521973 0
1731587375339 2.118468999862671 0
1731587375414 2.1842455863952637 0
1731587375496 2.0907671451568604 0
1731587375574 2.0393428802490234 0
1731587375673 2.1303508281707764 0
1731587375750 2.088549852371216 0
1731587375869 2.1157076358795166 0
1731587375931 2.155275821685791 0
1731587375998 2.06697940826416 0
1731587376084 2.141434907913208 0
1731587376159 2.006657123565674 0
1731587376330 2.1245923042297363 0
1731587376453 2.1375060081481934 0
1731587376576 2.070023775100708 0
1731587376639 1.9911596775054932 0
1731587376700 2.131427049636841 0
1731587376773 1.9990825653076172 0
1731587376834 2.1461493968963623 0
1731587376902 2.1076834201812744 0
1731587376963 2.0705957412719727 0
1731587377033 2.1159632205963135 0
1731587377111 2.0834529399871826 0
1731587377187 2.1202728748321533 0
1731587377261 2.0930259227752686 0
1731587377323 2.1810755729675293 0
1731587377394 2.19244384765625 0
1731587377462 2.174102544784546 0
1731587377582 2.045785903930664 0
1731587377721 2.038007974624634 0
1731587377796 2.1047115325927734 0
1731587377875 2.051342248916626 0
1731587377956 2.105743169784546 0
1731587378028 2.1507015228271484 0
1731587378090 2.0902340412139893 0
1731587378155 2.1326165199279785 0
1731587378231 2.156308889389038 0
1731587378303 2.1324357986450195 0
1731587378384 2.0479681491851807 0
1731587378464 2.0949394702911377 0
1731587378535 2.0906715393066406 0
1731587378615 2.0888938903808594 0
1731587378714 2.1143341064453125 0
1731587378796 2.1003243923187256 0
1731587378887 2.155623435974121 0
1731587378967 2.124077320098877 0
1731587379027 2.0288383960723877 0
1731587379094 2.070915699005127 0
1731587379171 2.099637031555176 0
1731587379345 2.0825607776641846 0
1731587379418 2.081252098083496 0
1731587379495 2.1004409790039062 0
1731587379623 2.1382696628570557 0
1731587379730 2.159944534301758 0
1731587379936 2.1378254890441895 0
1731587380114 2.1547012329101562 0
1731587380365 2.0529518127441406 0
1731587380682 2.097099542617798 0
1731587380853 2.100694417953491 0
1731587380979 2.1701416969299316 0
1731587381193 2.1203668117523193 0
1731587381440 2.0547971725463867 0
1731587381730 2.011403799057007 0
1731587381980 2.082979917526245 0
1731587382360 2.0649452209472656 0
1731587382633 2.022831678390503 0
1731587382925 2.117326021194458 0
1731587383134 2.084573984146118 0
1731587383485 2.0808606147766113 0
1731587383677 2.078098773956299 0
1731587383793 2.1333515644073486 0
1731587383863 1.9989429712295532 0
1731587383967 2.068087339401245 0
1731587384055 2.123661756515503 0
1731587384215 2.0784659385681152 0
1731587384300 2.0809731483459473 0
1731587384453 2.0487210750579834 0
1731587384525 2.0852837562561035 0
1731587384594 1.991615653038025 0
1731587384736 2.1442339420318604 0
1731587384892 2.1715776920318604 0
1731587384962 2.1314809322357178 0
1731587385042 2.1417486667633057 0
1731587385146 2.031700849533081 0
1731587385210 2.038891077041626 0
1731587385278 2.046970844268799 0
1731587385348 2.0680298805236816 0
1731587385420 2.080380439758301 0
1731587385495 2.1056888103485107 0
1731587385577 2.0343282222747803 0
1731587385660 2.1179893016815186 0
1731587385723 2.059694290161133 0
1731587385794 2.045855760574341 0
1731587385902 2.1163105964660645 0
1731587385993 2.108798027038574 0
1731587386082 2.0770535469055176 0
1731587386188 2.0383760929107666 0
1731587386293 2.1487300395965576 0
1731587386384 2.1017372608184814 0
1731587386477 2.0860579013824463 0
1731587386622 2.107714891433716 0
1731587386683 2.0527656078338623 0
1731587386746 2.023153066635132 0
1731587386932 2.0618183612823486 0
1731587387233 2.039590835571289 0
1731587387341 2.0862295627593994 0
1731587387419 2.124220371246338 0
1731587387493 2.047372341156006 0
1731587387615 2.047057628631592 0
1731587387694 2.077944040298462 0
1731587387772 2.1401782035827637 0
1731587387850 2.0310587882995605 0
1731587387938 2.06927490234375 0
1731587388059 2.0799920558929443 0
1731587388175 2.1006247997283936 0
1731587388273 2.054239511489868 0
1731587388387 2.0598413944244385 0
1731587388504 2.046424388885498 0
1731587388575 2.0717945098876953 0
1731587388637 2.0290720462799072 0
1731587388705 2.0665199756622314 0
1731587388783 2.0316343307495117 0
1731587388913 2.1385347843170166 0
1731587389004 2.1086885929107666 0
1731587389073 2.054783582687378 0
1731587389137 2.085571765899658 0
1731587389212 2.070371627807617 0
1731587389314 2.1090023517608643 0
1731587389401 2.0697996616363525 0
1731587389457 2.0214123725891113 0
1731587389560 2.0469887256622314 0
1731587389660 2.053311824798584 0
1731587389794 2.108992576599121 0
1731587389867 2.0558648109436035 0
1731587389932 2.0623297691345215 0
1731587389998 2.075425386428833 0
1731587390084 2.130030632019043 0
1731587390166 2.1881470680236816 0
1731587390257 2.1067092418670654 0
1731587390321 2.014626979827881 0
1731587390403 2.0610039234161377 0
1731587390467 2.14878249168396 0
1731587390550 2.117025375366211 0
1731587390619 2.1142892837524414 0
1731587390755 2.1292524337768555 0
1731587390864 2.12266206741333 0
1731587390935 2.1167123317718506 0
1731587391012 2.0620367527008057 0
1731587391144 2.1007654666900635 0
1731587391257 2.0539186000823975 0
1731587391338 2.04449200630188 0
1731587391438 2.07723331451416 0
1731587391525 2.0144941806793213 0
1731587391594 2.007532835006714 0
1731587391700 2.093726634979248 0
1731587391766 2.0772993564605713 0
1731587391888 1.995792269706726 0
1731587391991 2.0223183631896973 0
1731587392048 2.0744874477386475 0
1731587392158 2.117633819580078 0
1731587392349 2.0858116149902344 0
1731587392443 2.077502489089966 0
1731587392522 2.1328020095825195 0
1731587392590 2.025209903717041 0
1731587392659 2.142869472503662 0
1731587392723 2.0566000938415527 0
1731587392930 2.1240766048431396 0
1731587393019 2.054854393005371 0
1731587393120 2.0864877700805664 0
1731587393198 2.108438014984131 0
1731587393270 2.086374044418335 0
1731587393353 2.0762836933135986 0
1731587393436 2.131601572036743 0
1731587393592 2.045734405517578 0
1731587393683 2.0925655364990234 0
1731587393783 2.074066162109375 0
1731587393844 2.0753862857818604 0
1731587393943 2.030472755432129 0
1731587394083 2.1427159309387207 0
1731587394155 2.054100513458252 0
1731587394295 2.04235577583313 0
1731587394356 1.999114990234375 0
1731587394440 2.055048942565918 0
1731587394521 2.0771872997283936 0
1731587394597 2.09523344039917 0
1731587394669 2.0845329761505127 0
1731587394750 2.07757568359375 0
1731587394826 2.0043928623199463 0
1731587394899 2.091122627258301 0
1731587394965 2.0314841270446777 0
1731587395027 2.0387380123138428 0
1731587395101 2.077197790145874 0
1731587395170 2.147277355194092 0
1731587395236 1.9912998676300049 0
1731587395308 2.118363618850708 0
1731587395428 2.005340576171875 0
1731587395660 2.1280157566070557 0
1731587395718 2.070760488510132 0
1731587395794 2.0461063385009766 0
1731587395863 2.0781121253967285 0
1731587395972 2.076693296432495 0
1731587396285 2.1455800533294678 0
1731587396447 2.1006956100463867 0
1731587396756 2.087850332260132 0
1731587396978 2.1470580101013184 0
1731587397087 2.0389420986175537 0
1731587397253 2.1373512744903564 0
1731587397319 2.061400890350342 0
1731587397395 2.124530553817749 0
1731587397554 2.0066068172454834 0
1731587397647 2.0333402156829834 0
1731587397738 2.057046890258789 0
1731587397957 2.0770323276519775 0
1731587398130 2.130809783935547 0
1731587398248 2.117558717727661 0
1731587398342 1.998564600944519 0
1731587398425 2.153582811355591 0
1731587398538 2.097768545150757 0
1731587398740 2.0857508182525635 0
1731587398874 2.099957227706909 0
1731587399016 2.0767807960510254 0
1731587399150 2.128538131713867 0
1731587399247 1.9916534423828125 0
1731587399376 2.061342239379883 0
1731587399565 2.129157543182373 0
1731587399741 2.1459240913391113 0
1731587399879 2.1239302158355713 0
1731587400025 2.0933685302734375 0
1731587400118 2.030982494354248 0
1731587400359 2.0774383544921875 0
1731587400521 1.9743623733520508 0
1731587400615 2.02333927154541 0
1731587400705 2.0774612426757812 0
1731587400781 2.055616855621338 0
1731587400859 2.0701427459716797 0
1731587400941 2.147918224334717 0
1731587401032 2.100691795349121 0
1731587401270 2.014289140701294 0
1731587401460 2.069248914718628 0
1731587401760 2.0378246307373047 0
1731587401922 2.1158666610717773 0
1731587401976 2.0152668952941895 0
1731587402070 2.069594144821167 0
1731587402259 2.0312411785125732 0
1731587402366 2.006209135055542 0
1731587402440 2.1239633560180664 0
1731587402522 2.0777478218078613 0
1731587402601 2.106440305709839 0
1731587402679 2.098203182220459 0
1731587402805 1.9940438270568848 0
1731587402953 2.130744218826294 0
1731587403112 2.093573808670044 0
1731587403192 2.0827550888061523 0
1731587403309 2.0237457752227783 0
1731587403398 2.0547943115234375 0
1731587403495 2.1003544330596924 0
1731587403590 2.07187819480896 0
1731587403676 1.9763396978378296 0
1731587403774 1.995263695716858 0
1731587403858 2.0853021144866943 0
1731587403984 2.0242106914520264 0
1731587404293 2.093535900115967 0
1731587404644 2.092176914215088 0
1731587404852 2.0732364654541016 0
1731587405131 2.16211199760437 0
1731587405663 2.099928855895996 0
1731587405979 2.0467050075531006 0
1731587406147 2.1165425777435303 0
1731587406263 2.0535333156585693 0
1731587406493 2.058934211730957 0
1731587406770 2.0853209495544434 0
1731587406917 2.109201669692993 0
1731587406997 2.0463550090789795 0
1731587407319 1.9917018413543701 0
1731587407444 2.1553635597229004 0
1731587407555 2.023000717163086 0
1731587407639 2.1118321418762207 0
1731587407708 2.0228641033172607 0
1731587407781 2.0221807956695557 0
1731587407849 2.0459342002868652 0
1731587407955 2.0570785999298096 0
1731587408027 2.114436388015747 0
1731587408097 2.155958414077759 0
1731587408189 2.0036873817443848 0
1731587408281 2.1093780994415283 0
1731587408345 2.061309814453125 0
1731587408429 2.1017796993255615 0
1731587408497 2.116854667663574 0
1731587408577 2.075666666030884 0
1731587408676 2.0546348094940186 0
1731587408832 2.090679883956909 0
1731587408930 2.0077009201049805 0
1731587409069 2.047950506210327 0
1731587409132 2.1362171173095703 0
1731587409255 2.0620908737182617 0
1731587409359 2.113675355911255 0
1731587409540 2.053698778152466 0
1731587409646 2.1399056911468506 0
1731587409722 2.1079258918762207 0
1731587409814 2.0146758556365967 0
1731587409952 2.102477788925171 0
1731587410016 2.03076434135437 0
1731587410137 2.0537846088409424 0
1731587410240 2.0894341468811035 0
1731587410316 2.069693088531494 0
1731587410401 2.0781853199005127 0
1731587410494 2.061619758605957 0
1731587410563 2.0778403282165527 0
1731587410649 2.091698169708252 0
1731587410756 2.006355047225952 0
1731587410814 2.0378546714782715 0
1731587410882 2.053988456726074 0
1731587410973 1.9994707107543945 0
1731587411104 2.093250036239624 0
1731587411181 2.041761875152588 0
1731587411232 2.061659097671509 0
1731587411327 2.0860238075256348 0
1731587411399 2.0222859382629395 0
1731587411482 2.07912540435791 0
1731587411554 2.0840721130371094 0
1731587411627 2.046513319015503 0
1731587411714 2.108062744140625 0
1731587411809 2.109616994857788 0
1731587411914 2.1618082523345947 0
1731587411975 1.9607962369918823 0
1731587412080 2.092647075653076 0
1731587412192 2.0557594299316406 0
1731587412300 2.008810520172119 0
1731587412458 2.0811591148376465 0
1731587412569 2.1494908332824707 0
1731587412646 2.1025006771087646 0
1731587412711 2.1157913208007812 0
1731587412786 2.186278820037842 0
1731587412864 2.100905656814575 0
1731587412939 2.0854530334472656 0
1731587413013 2.084038496017456 0
1731587413091 2.042642831802368 0
1731587413181 2.0617213249206543 0
1731587413275 2.014814853668213 0
1731587413355 2.0996811389923096 0
1731587413434 1.9903931617736816 0
1731587413508 2.028773546218872 0
1731587413581 1.9949209690093994 0
1731587413646 1.9845550060272217 0
1731587413729 2.069709300994873 0
1731587413806 2.0063319206237793 0
1731587413867 2.0378243923187256 0
1731587413962 2.0815505981445312 0
1731587414028 2.141160249710083 0
1731587414090 2.006922483444214 0
1731587414158 2.0409469604492188 0
1731587414252 2.1010866165161133 0
1731587414342 2.07533860206604 0
1731587414428 2.1143434047698975 0
1731587414515 2.124737024307251 0
1731587414625 2.0331156253814697 0
1731587414704 1.9599493741989136 0
1731587414773 2.1247754096984863 0
1731587414886 2.0222063064575195 0
1731587414982 2.1270060539245605 0
1731587415073 2.0296239852905273 0
1731587415231 2.123911142349243 0
1731587415298 2.1467232704162598 0
1731587415406 2.0778582096099854 0
1731587415492 2.032646656036377 0
1731587415579 2.0391736030578613 0
1731587415653 2.030275583267212 0
1731587415715 2.112295627593994 0
1731587415780 2.10942006111145 0
1731587415844 1.998049259185791 0
1731587415907 2.050511360168457 0
1731587416011 2.0765364170074463 0
1731587416106 2.0204927921295166 0
1731587416208 2.0411581993103027 0
1731587416391 2.127429962158203 0
1731587416514 2.107832670211792 0
1731587416593 2.0451343059539795 0
1731587416707 2.0692532062530518 0
1731587416807 2.112483501434326 0
1731587417058 2.080198049545288 0
1731587417206 2.080099582672119 0
1731587417335 2.0607800483703613 0
1731587417505 2.0228283405303955 0
1731587417809 2.014165163040161 0
1731587418042 2.0332493782043457 0
1731587418131 2.1057968139648438 0
1731587418400 2.1168363094329834 0
1731587418653 2.03743839263916 0
1731587418737 2.0586111545562744 0
1731587418910 2.0556771755218506 0
1731587419043 2.0375030040740967 0
1731587419366 2.0243749618530273 0
1731587419729 2.009533405303955 0
1731587419938 2.0303714275360107 0
1731587420085 2.0853312015533447 0
1731587420185 2.0892632007598877 0
1731587420301 2.0844199657440186 0
1731587420417 2.0921061038970947 0
1731587420509 2.054173707962036 0
1731587420634 2.1001484394073486 0
1731587420751 2.0737645626068115 0
1731587420883 2.0232791900634766 0
1731587420994 2.107990264892578 0
1731587421065 2.069629669189453 0
1731587421234 2.06089448928833 0
1731587421361 2.0994653701782227 0
1731587421461 1.9894740581512451 0
1731587421610 2.116260290145874 0
1731587421731 2.1082940101623535 0
1731587421877 2.09903883934021 0
1731587422101 2.1225903034210205 0
1731587422340 2.0689547061920166 0
1731587422432 2.053065776824951 0
1731587422535 2.0854880809783936 0
1731587422658 2.017181873321533 0
1731587422806 2.0624454021453857 0
1731587422887 2.0667059421539307 0
1731587423010 2.0533864498138428 0
1731587423121 1.9613438844680786 0
1731587423222 2.06182861328125 0
1731587423296 2.045961856842041 0
1731587423392 2.0617761611938477 0
1731587423603 2.0848116874694824 0
1731587423738 2.1399106979370117 0
1731587423832 2.123804807662964 0
1731587423957 2.117845296859741 0
1731587424040 2.0849227905273438 0
1731587424124 2.047264575958252 0
1731587424294 2.027266263961792 0
1731587424396 2.1398463249206543 0
1731587424546 1.9922665357589722 0
1731587424703 2.1129872798919678 0
1731587424776 2.13230562210083 0
1731587424923 2.0231027603149414 0
1731587425202 2.131476879119873 0
1731587425389 2.022038698196411 0
1731587425555 2.005606174468994 0
1731587425689 2.077223539352417 0
1731587425842 2.0617551803588867 0
1731587426033 2.069115400314331 0
1731587426283 2.1212337017059326 0
1731587426563 2.0695438385009766 0
1731587426923 2.099909782409668 0
1731587427137 2.0697968006134033 0
1731587427486 2.0420548915863037 0
1731587427759 1.9973679780960083 0
1731587428037 2.1788651943206787 0
1731587428312 1.9987965822219849 0
1731587428910 2.053414821624756 0
1731587429383 2.0546457767486572 0
1731587429801 2.0570552349090576 0
1731587429957 2.024660587310791 0
1731587430048 2.0287723541259766 0
1731587430190 2.061142921447754 0
1731587430338 2.038661241531372 0
1731587430527 2.076280355453491 0
1731587430642 2.0905020236968994 0
1731587430759 1.9989585876464844 0
1731587430856 2.1153104305267334 0
1731587431170 2.123534917831421 0
1731587431419 2.0127627849578857 0
1731587437970 2.0933053493499756 1
1731587438139 2.0062642097473145 1
1731587438238 2.0311954021453857 1
1731587438333 2.108266830444336 1
1731587438540 2.107572317123413 1
1731587438628 2.0530080795288086 1
1731587438739 2.0696451663970947 1
1731587438855 2.115028142929077 1
1731587439016 2.058551549911499 1
1731587439162 2.0442922115325928 1
1731587439301 2.06593656539917 1
1731587439428 2.0373942852020264 1
1731587439632 2.0385398864746094 1
1731587439800 2.0303542613983154 1
1731587439933 2.045926809310913 1
1731587440065 2.08764386177063 1
1731587440177 2.061809539794922 1
1731587440335 2.131983757019043 1
1731587440464 2.0744216442108154 1
1731587440585 2.1348764896392822 1
1731587440733 2.0927774906158447 1
1731587440807 2.0367956161499023 1
1731587440891 2.0540902614593506 1
1731587440987 2.139582872390747 1
1731587441082 2.084930896759033 1
1731587441187 2.046147584915161 1
1731587441321 1.9908267259597778 1
1731587441405 2.0150294303894043 1
1731587441522 2.045848846435547 1
1731587441784 2.0934174060821533 1
1731587441925 2.085538148880005 1
1731587442024 2.061124801635742 1
1731587442116 2.1238420009613037 1
1731587442220 2.100900650024414 1
1731587442383 2.0627026557922363 1
1731587442667 1.991987943649292 1
1731587442926 2.034601926803589 1
1731587443195 2.0152509212493896 1
1731587443503 2.0868723392486572 1
1731587443612 2.1553869247436523 1
1731587443714 2.0925440788269043 1
1731587443788 2.032886505126953 1
1731587443886 2.053276300430298 1
1731587443961 2.002465009689331 1
1731587444079 2.068479061126709 1
1731587444172 2.0358903408050537 1
1731587444255 2.1631903648376465 1
1731587444338 2.069185256958008 1
1731587444423 2.1090500354766846 1
1731587444521 2.0964653491973877 1
1731587444612 2.0256640911102295 1
1731587444740 2.1200947761535645 1
1731587444878 2.0695924758911133 1
1731587444949 2.1162211894989014 1
1731587445052 2.007355213165283 1
1731587445207 1.9914886951446533 1
1731587445276 2.0612895488739014 1
1731587445354 2.0849449634552 1
1731587445439 2.058074474334717 1
1731587445514 2.0166664123535156 1
1731587445606 2.077430486679077 1
1731587445694 2.014697790145874 1
1731587445817 2.0590779781341553 1
1731587445909 2.1186861991882324 1
1731587446093 2.0767343044281006 1
1731587446194 2.055211067199707 1
1731587446298 2.1391429901123047 1
1731587446407 2.059326648712158 1
1731587446494 2.022716522216797 1
1731587446610 2.0415561199188232 1
1731587446741 2.04508638381958 1
1731587446829 2.014472246170044 1
1731587446931 2.0461208820343018 1
1731587447014 2.1166374683380127 1
1731587447101 2.046034574508667 1
1731587447178 2.0534465312957764 1
1731587447245 2.022669792175293 1
1731587447339 2.0055558681488037 1
1731587447473 2.0176644325256348 1
1731587447539 2.0308032035827637 1
1731587447641 2.0215072631835938 1
1731587447737 2.0329482555389404 1
1731587447960 2.1238081455230713 1
1731587448046 2.093102216720581 1
1731587448120 1.9679601192474365 1
1731587448249 1.9525361061096191 1
1731587448385 2.116915225982666 1
1731587448483 2.0851082801818848 1
1731587448708 2.1233460903167725 1
1731587448895 2.1406795978546143 1
1731587449004 2.0463602542877197 1
1731587449104 2.061436414718628 1
1731587449229 2.030107021331787 1
1731587449358 2.0070698261260986 1
1731587449460 2.030600070953369 1
1731587449584 2.048367977142334 1
1731587449690 1.9605486392974854 1
1731587449840 2.0351359844207764 1
1731587449972 2.1005074977874756 1
1731587450134 2.0606563091278076 1
1731587450217 2.0536231994628906 1
1731587450301 2.0226356983184814 1
1731587450364 2.0121748447418213 1
1731587450485 2.1379289627075195 1
1731587450653 2.0542287826538086 1
1731587450772 2.076233148574829 1
1731587450843 2.077059507369995 1
1731587450922 2.0071449279785156 1
1731587451001 2.0685129165649414 1
1731587451093 2.0954859256744385 1
1731587451256 2.006849527359009 1
1731587451381 2.138975143432617 1
1731587451592 2.0804214477539062 1
1731587451704 2.0265450477600098 1
1731587451798 2.1007637977600098 1
1731587451928 2.0148277282714844 1
1731587452112 2.0604019165039062 1
1731587452231 2.0827033519744873 1
1731587452328 2.131816864013672 1
1731587452432 2.1002912521362305 1
1731587452515 2.0492186546325684 1
1731587452592 2.061528205871582 1
1731587452657 2.098757028579712 1
1731587452750 2.075793981552124 1
1731587452875 2.010931968688965 1
1731587452962 2.0493693351745605 1
1731587453047 1.952694296836853 1
1731587453141 2.061491012573242 1
1731587453244 2.0310513973236084 1
1731587453349 2.133898973464966 1
1731587453491 2.1073226928710938 1
1731587453600 2.101093053817749 1
1731587453682 2.0698046684265137 1
1731587453750 2.0079636573791504 1
1731587453830 2.072382926940918 1
1731587453989 2.0269670486450195 1
1731587454059 2.1002328395843506 1
1731587454132 2.083791494369507 1
1731587454220 2.1316330432891846 1
1731587454303 2.030489921569824 1
1731587454444 2.1236732006073 1
1731587454601 1.9662922620773315 1
1731587454723 2.029900550842285 1
1731587454876 2.0074212551116943 1
1731587455015 2.0618221759796143 1
1731587455139 2.0457167625427246 1
1731587455243 2.063061475753784 1
1731587455323 2.053347587585449 1
1731587455412 2.0598227977752686 1
1731587455510 2.099634885787964 1
1731587455595 2.053635358810425 1
1731587455689 2.0860252380371094 1
1731587455793 2.0898611545562744 1
1731587455941 2.092655658721924 1
1731587456024 2.0917768478393555 1
1731587456254 2.0380301475524902 1
1731587456474 2.045619249343872 1
1731587456645 2.021350383758545 1
1731587456773 2.050598621368408 1
1731587456888 2.0560359954833984 1
1731587456991 2.096648931503296 1
1731587457147 2.093259811401367 1
1731587457262 2.1158223152160645 1
1731587457430 2.08443546295166 1
1731587457678 2.131502628326416 1
1731587457848 2.061147928237915 1
1731587458064 2.100196599960327 1
1731587458151 2.154484748840332 1
1731587458290 2.1118438243865967 1
1731587458404 2.1085104942321777 1
1731587458503 2.0084595680236816 1
1731587458633 2.06878924369812 1
1731587458730 2.0521130561828613 1
1731587458824 2.0381264686584473 1
1731587458920 2.0181097984313965 1
1731587459016 1.991214632987976 1
1731587459130 2.0618245601654053 1
1731587459248 2.092438220977783 1
1731587459354 2.069658041000366 1
1731587459475 1.9912893772125244 1
1731587459607 2.085559606552124 1
1731587459706 2.0855906009674072 1
1731587459811 2.1701900959014893 1
1731587459922 1.9734103679656982 1
1731587460004 2.0660400390625 1
1731587460146 2.0871713161468506 1
1731587460260 2.0536608695983887 1
1731587460372 2.1397998332977295 1
1731587460471 2.0299243927001953 1
1731587460573 2.032919406890869 1
1731587460665 2.0930378437042236 1
1731587460775 2.138613224029541 1
1731587460883 2.0588572025299072 1
1731587460998 2.029893636703491 1
1731587461111 2.116257905960083 1
1731587461222 2.116138458251953 1
1731587461349 2.1238784790039062 1
1731587461489 2.0371716022491455 1
1731587461572 2.0381901264190674 1
1731587461663 2.0909054279327393 1
1731587461796 2.053558826446533 1
1731587461945 2.1070363521575928 1
1731587462033 2.0393970012664795 1
1731587462139 2.077932119369507 1
1731587462257 2.13904070854187 1
1731587462374 2.1084117889404297 1
1731587462514 2.037121534347534 1
1731587462641 2.14693021774292 1
1731587462740 2.0864927768707275 1
1731587462833 2.0070672035217285 1
1731587462937 2.11649751663208 1
1731587463204 2.078213930130005 1
1731587463408 1.9833259582519531 1
1731587463507 2.014826774597168 1
1731587463617 2.069209098815918 1
1731587463708 2.061000108718872 1
1731587463782 2.0597684383392334 1
1731587463896 2.1307551860809326 1
1731587464034 2.084045171737671 1
1731587464094 2.091758966445923 1
1731587464193 1.9906290769577026 1
1731587464410 2.112348794937134 1
1731587464491 2.053335428237915 1
1731587464596 2.1085524559020996 1
1731587464682 2.0537664890289307 1
1731587464828 2.077526569366455 1
1731587465020 2.054238796234131 1
1731587465157 2.0469107627868652 1
1731587465261 2.0382637977600098 1
1731587465447 2.0900022983551025 1
1731587465587 2.0468356609344482 1
1731587465734 2.0276448726654053 1
1731587465898 2.061929941177368 1
1731587466035 2.0382847785949707 1
1731587466253 2.052804470062256 1
1731587466477 2.0224668979644775 1
1731587466634 2.1187193393707275 1
1731587466788 1.9674675464630127 1
1731587467053 2.0226924419403076 1
1731587467122 2.0542051792144775 1
1731587467178 2.0597798824310303 1
1731587467304 2.075878858566284 1
1731587467406 1.9973074197769165 1
1731587467760 2.0732574462890625 1
1731587467923 2.047952651977539 1
1731587468159 2.076421022415161 1
1731587468339 2.060906410217285 1
1731587468473 1.9210842847824097 1
1731587468632 2.1152241230010986 1
1731587468731 2.082864284515381 1
1731587468822 2.037238836288452 1
1731587468914 2.063007116317749 1
1731587468998 2.0525827407836914 1
1731587469117 2.036827802658081 1
1731587469229 2.061563014984131 1
1731587469442 2.0064446926116943 1
1731587469546 2.005735158920288 1
1731587469746 1.9559847116470337 1
1731587469874 2.1110758781433105 1
1731587469969 2.006610155105591 1
1731587470132 2.0542609691619873 1
1731587470261 2.0758144855499268 1
1731587470398 2.0531935691833496 1
1731587470567 2.091820240020752 1
1731587470755 2.0540528297424316 1
1731587470914 2.0497045516967773 1
1731587471145 2.0382447242736816 1
1731587471246 2.1005630493164062 1
1731587471374 2.1546032428741455 1
1731587471470 2.0532960891723633 1
1731587471600 1.9655814170837402 1
1731587471811 2.022172451019287 1
1731587471938 2.052759885787964 1
1731587472071 2.0610177516937256 1
1731587472187 1.9917378425598145 1
1731587472320 2.028773069381714 1
1731587472440 2.07688045501709 1
1731587472576 1.9828726053237915 1
1731587472783 2.065298080444336 1
1731587472877 2.060600996017456 1
1731587473088 1.9535996913909912 1
1731587473275 1.9907726049423218 1
1731587473555 2.094621181488037 1
1731587473624 2.0684428215026855 1
1731587473761 2.013671875 1
1731587473938 2.0856592655181885 1
1731587474033 2.068504810333252 1
1731587474153 2.1080162525177 1
1731587474281 1.9993923902511597 1
1731587474359 2.029690980911255 1
1731587474497 2.0296730995178223 1
1731587474615 2.0220935344696045 1
1731587474723 2.1070666313171387 1
1731587474841 2.0064404010772705 1
1731587475008 2.091939687728882 1
1731587475125 2.0611629486083984 1
1731587475242 2.077191114425659 1
1731587475360 2.0617029666900635 1
1731587475490 2.0770740509033203 1
1731587475604 2.069162607192993 1
1731587475704 2.0451736450195312 1
1731587475793 2.1320078372955322 1
1731587475888 2.0687592029571533 1
1731587476007 2.0228676795959473 1
1731587476141 2.0382049083709717 1
1731587476488 2.0072271823883057 1
1731587476592 2.1223762035369873 1
1731587476685 2.07680344581604 1
1731587476777 2.0764591693878174 1
1731587476888 2.0064127445220947 1
1731587476976 2.146547794342041 1
1731587477078 2.0492634773254395 1
1731587477196 2.013202428817749 1
1731587477303 2.0301434993743896 1
1731587477382 2.092604398727417 1
1731587477578 2.043287992477417 1
1731587477826 2.0128931999206543 1
1731587477981 2.085000991821289 1
1731587478141 2.0974485874176025 1
1731587478228 2.05853271484375 1
1731587478330 2.059842586517334 1
1731587478423 2.019941806793213 1
1731587478549 2.0686047077178955 1
1731587478670 2.0445406436920166 1
1731587478755 1.9829308986663818 1
1731587478836 2.0068273544311523 1
1731587478938 2.084040403366089 1
1731587478995 2.055671453475952 1
1731587479068 1.9937011003494263 1
1731587479269 1.9856421947479248 1
1731587479476 2.0696165561676025 1
1731587479572 2.069976806640625 1
1731587479685 2.0631494522094727 1
1731587479774 1.9759137630462646 1
1731587479946 1.9967163801193237 1
1731587480094 2.0298426151275635 1
1731587480220 2.139221429824829 1
1731587480365 2.06276273727417 1
1731587480465 2.1153833866119385 1
1731587480578 2.030585527420044 1
1731587480674 2.0698745250701904 1
1731587480865 2.0227832794189453 1
1731587480988 2.1100924015045166 1
1731587481077 2.0143356323242188 1
1731587481153 2.0219502449035645 1
1731587481226 2.0104055404663086 1
1731587481322 1.9993271827697754 1
1731587481445 2.0129270553588867 1
1731587481537 2.086981773376465 1
1731587481624 2.090867757797241 1
1731587481801 2.093337297439575 1
1731587481915 2.0759103298187256 1
1731587482025 2.048642873764038 1
1731587482123 2.015261650085449 1
1731587482223 2.068582773208618 1
1731587482339 2.051649808883667 1
1731587482515 2.067136526107788 1
1731587482778 1.9956170320510864 1
1731587482891 2.0300590991973877 1
1731587483012 2.0922129154205322 1
1731587483141 2.012805700302124 1
1731587483313 2.0635502338409424 1
1731587483437 2.030142068862915 1
1731587483539 2.0971224308013916 1
1731587483635 2.0457658767700195 1
1731587483755 2.0899741649627686 1
1731587483865 2.0992939472198486 1
1731587483949 2.060361623764038 1
1731587484046 2.0081121921539307 1
1731587484149 1.9631267786026 1
1731587484249 1.9711209535598755 1
1731587484366 1.95638906955719 1
1731587484494 1.9855400323867798 1
1731587484605 1.9098283052444458 1
1731587484771 1.9471328258514404 1
1731587484950 2.023383378982544 1
1731587485269 2.0375049114227295 1
1731587485439 2.053448438644409 1
1731587485615 2.0059022903442383 1
1731587485766 2.030832052230835 1
1731587485896 1.9940283298492432 1
1731587486006 1.9494574069976807 1
1731587486106 2.0520455837249756 1
1731587486228 2.030827522277832 1
1731587486372 1.9751828908920288 1
1731587486507 1.9422249794006348 1
1731587486631 1.9242984056472778 1
1731587486724 1.9716557264328003 1
1731587486836 1.9975368976593018 1
1731587486978 1.9146504402160645 1
1731587487090 1.9667173624038696 1
1731587487182 2.0693447589874268 1
1731587487346 2.0618412494659424 1
1731587487505 2.007425546646118 1
1731587487651 1.950878620147705 1
1731587487782 1.9488208293914795 1
1731587487872 2.0689406394958496 1
1731587487962 2.0163426399230957 1
1731587488100 1.9239803552627563 1
1731587488195 1.9479731321334839 1
1731587488418 1.9441901445388794 1
1731587488766 2.008864402770996 1
1731587488966 1.940107822418213 1
1731587489188 1.9577598571777344 1
1731587489287 1.9202028512954712 1
1731587489366 2.0120131969451904 1
1731587489476 2.023003101348877 1
1731587489587 1.9968962669372559 1
1731587489700 2.0573036670684814 1
1731587489837 1.9626471996307373 1
1731587489955 2.0438830852508545 1
1731587490029 1.9847073554992676 1
1731587490120 1.991607666015625 1
1731587490205 2.069272994995117 1
1731587490292 1.99115788936615 1
1731587490422 2.022571563720703 1
1731587490540 2.023860454559326 1
1731587490664 2.0022151470184326 1
1731587490807 2.0074057579040527 1
1731587490955 2.0290515422821045 1
1731587491052 2.0688960552215576 1
1731587491172 1.9545116424560547 1
1731587491295 1.90476393699646 1
1731587491442 1.990981936454773 1
1731587491655 2.0693721771240234 1
1731587491811 1.958101749420166 1
1731587491993 2.053560495376587 1
1731587492154 1.9275217056274414 1
1731587492463 2.0412580966949463 1
1731587492613 2.0192089080810547 1
1731587492911 1.960128903388977 1
1731587493040 2.0536327362060547 1
1731587493145 1.9440741539001465 1
1731587493267 1.9805388450622559 1
1731587493440 1.905572772026062 1
1731587493562 2.0492866039276123 1
1731587493698 1.9880132675170898 1
1731587493817 1.960726261138916 1
1731587493937 2.0135905742645264 1
1731587494060 2.070768117904663 1
1731587494143 2.0270674228668213 1
1731587494256 1.9744629859924316 1
1731587494455 1.9705102443695068 1
1731587494574 1.9243817329406738 1
1731587494644 1.9533162117004395 1
1731587494708 2.0928170680999756 1
1731587494788 1.9390332698822021 1
1731587494955 2.044503927230835 1
1731587495092 1.9513788223266602 1
1731587495266 2.0459072589874268 1
1731587495541 1.9996135234832764 1
1731587495679 1.9445898532867432 1
1731587495886 1.9762393236160278 1
1731587496019 2.077235698699951 1
1731587496147 2.014069080352783 1
1731587496284 2.0440077781677246 1
1731587496429 1.9450783729553223 1
1731587496588 1.990206003189087 1
1731587496718 1.9810036420822144 1
1731587496855 1.8767075538635254 1
1731587496988 2.049286127090454 1
1731587497177 1.9835290908813477 1
1731587497345 1.9919710159301758 1
1731587497440 2.0010435581207275 1
1731587497576 2.0269763469696045 1
1731587497702 2.0130984783172607 1
1731587497799 1.9506767988204956 1
1731587497914 2.0189332962036133 1
1731587498024 2.0439908504486084 1
1731587501862 1.8893663883209229 2
1731587502130 2.088129758834839 2
1731587502277 1.999625325202942 2
1731587502397 1.9755940437316895 2
1731587502555 1.9243037700653076 2
1731587502714 2.0260543823242188 2
1731587502819 1.9525001049041748 2
1731587503040 1.9432414770126343 2
1731587503146 1.9524495601654053 2
1731587503298 1.9364781379699707 2
1731587503508 1.9374377727508545 2
1731587503716 2.0003514289855957 2
1731587503842 2.008871555328369 2
1731587503965 1.952476978302002 2
1731587504106 1.9994943141937256 2
1731587504232 2.042344093322754 2
1731587504449 1.9468631744384766 2
1731587504737 2.0452771186828613 2
1731587504887 2.0148849487304688 2
1731587505041 1.9736554622650146 2
1731587505162 2.0547783374786377 2
1731587505417 2.0230700969696045 2
1731587505520 2.0308916568756104 2
1731587505753 2.0438830852508545 2
1731587505971 1.990787386894226 2
1731587506123 2.0380051136016846 2
1731587506255 1.9461009502410889 2
1731587506510 1.98408043384552 2
1731587506608 1.9544295072555542 2
1731587506740 2.0064868927001953 2
1731587506854 1.867071270942688 2
1731587506981 2.025672435760498 2
1731587507072 1.9299488067626953 2
1731587507357 1.9557262659072876 2
1731587507548 1.8678478002548218 2
1731587507793 1.8878568410873413 2
1731587507876 1.9182155132293701 2
1731587508054 1.8666518926620483 2
1731587508203 1.9055454730987549 2
1731587508326 1.8269729614257812 2
1731587508441 1.884198546409607 2
1731587508503 1.923323631286621 2
1731587508794 1.9644197225570679 2
1731587508898 1.8876457214355469 2
1731587508994 1.9838279485702515 2
1731587509157 1.8920888900756836 2
1731587509286 1.8984153270721436 2
1731587509428 1.8992223739624023 2
1731587509557 1.8985693454742432 2
1731587509737 1.892370343208313 2
1731587509936 1.964439034461975 2
1731587510021 1.9283318519592285 2
1731587510160 1.874833106994629 2
1731587510278 1.8431651592254639 2
1731587510372 1.831417202949524 2
1731587510470 1.8433765172958374 2
1731587510573 1.923559308052063 2
1731587510746 1.9275466203689575 2
1731587510843 1.860844373703003 2
1731587510943 1.8903437852859497 2
1731587511116 1.9353973865509033 2
1731587511211 1.8755213022232056 2
1731587511320 1.9174965620040894 2
1731587511420 1.9514436721801758 2
1731587511529 1.8547629117965698 2
1731587511643 1.939026117324829 2
1731587511753 1.8747292757034302 2
1731587511832 1.9059340953826904 2
1731587511927 1.8675745725631714 2
1731587512014 1.9393901824951172 2
1731587512102 1.9460841417312622 2
1731587512192 1.8588663339614868 2
1731587512311 1.8533744812011719 2
1731587512488 1.8904378414154053 2
1731587512682 1.824499487876892 2
1731587512799 1.9307585954666138 2
1731587512891 1.850943684577942 2
1731587512996 1.853090524673462 2
1731587513098 1.8891857862472534 2
1731587513203 1.9291574954986572 2
1731587513295 1.8725024461746216 2
1731587513461 1.9021689891815186 2
1731587513586 1.8083040714263916 2
1731587513726 1.852283000946045 2
1731587513840 1.8280497789382935 2
1731587514038 1.886528730392456 2
1731587514121 1.851218819618225 2
1731587514215 1.8965282440185547 2
1731587514348 1.9292733669281006 2
1731587514498 1.8285003900527954 2
1731587514674 1.8849817514419556 2
1731587514754 1.916900634765625 2
1731587514882 1.8422832489013672 2
1731587515034 1.85014009475708 2
1731587515194 1.9335190057754517 2
1731587515330 1.9055477380752563 2
1731587515520 1.912311315536499 2
1731587515606 1.8538668155670166 2
1731587515759 1.8327507972717285 2
1731587515909 1.741464376449585 2
1731587516072 1.9109898805618286 2
1731587516162 1.956553339958191 2
1731587516291 1.8801019191741943 2
1731587516460 1.8495429754257202 2
1731587516631 1.96047842502594 2
1731587516861 1.9128351211547852 2
1731587516943 1.83364737033844 2
1731587517014 1.9372073411941528 2
1731587517129 1.927358627319336 2
1731587517293 1.8753902912139893 2
1731587517434 1.884892463684082 2
1731587517528 1.8614070415496826 2
1731587517620 1.9071123600006104 2
1731587517707 1.9482810497283936 2
1731587517893 1.8447825908660889 2
1731587518080 1.8481664657592773 2
1731587518225 1.8762980699539185 2
1731587518441 1.866650104522705 2
1731587518651 1.8926935195922852 2
1731587518855 1.9924818277359009 2
1731587518933 1.9893712997436523 2
1731587519233 1.9336307048797607 2
1731587519313 1.9371088743209839 2
1731587519454 1.7846437692642212 2
1731587519639 1.8450572490692139 2
1731587519826 1.9190516471862793 2
1731587519915 1.887582778930664 2
1731587520088 1.8820223808288574 2
1731587520210 1.8808786869049072 2
1731587520276 1.874626636505127 2
1731587520344 1.8678110837936401 2
1731587520479 1.969386100769043 2
1731587520611 1.9315075874328613 2
1731587520829 1.9438921213150024 2
1731587520915 1.9197601079940796 2
1731587521014 1.8511940240859985 2
1731587521273 1.8999767303466797 2
1731587521575 1.9426698684692383 2
1731587521676 1.8818259239196777 2
1731587521760 1.84283447265625 2
1731587521918 1.935346245765686 2
1731587522047 1.8809700012207031 2
1731587522143 1.866982102394104 2
1731587522243 1.907317876815796 2
1731587522380 1.8488562107086182 2
1731587522493 1.8981132507324219 2
1731587522649 1.8165090084075928 2
1731587522973 1.9524388313293457 2
1731587523194 1.890089750289917 2
1731587523313 1.9146016836166382 2
1731587523432 1.8910865783691406 2
1731587523542 1.8584537506103516 2
1731587523652 1.8339568376541138 2
1731587523947 1.8769569396972656 2
1731587524221 1.8822511434555054 2
1731587524336 1.8611335754394531 2
1731587524457 1.926570177078247 2
1731587524613 1.89124596118927 2
1731587524691 1.8860968351364136 2
1731587524822 1.8657677173614502 2
1731587524970 1.9131511449813843 2
1731587525131 1.9058551788330078 2
1731587525203 1.8936907052993774 2
1731587525387 1.9707543849945068 2
1731587525478 1.9362750053405762 2
1731587525671 1.8812910318374634 2
1731587525795 1.8933707475662231 2
1731587526164 1.929288387298584 2
1731587526300 1.8677712678909302 2
1731587526393 1.8545395135879517 2
1731587526527 1.8840440511703491 2
1731587526715 1.852793574333191 2
1731587526846 1.9055436849594116 2
1731587526996 1.8375741243362427 2
1731587527090 1.9134336709976196 2
1731587527203 1.9009296894073486 2
1731587527335 1.948887825012207 2
1731587527444 1.934754729270935 2
1731587527551 1.9846285581588745 2
1731587527652 1.8589630126953125 2
1731587527762 1.8462536334991455 2
1731587527872 1.9511971473693848 2
1731587527987 1.906238317489624 2
1731587528072 1.8500006198883057 2
1731587528177 1.898754596710205 2
1731587528292 1.9057618379592896 2
1731587528454 1.8974065780639648 2
1731587528554 1.8742035627365112 2
1731587528644 1.9367798566818237 2
1731587528762 1.8956412076950073 2
1731587528871 1.9058877229690552 2
1731587528976 1.8633623123168945 2
1731587529093 1.9050732851028442 2
1731587529198 1.854121208190918 2
1731587529337 1.857706069946289 2
1731587529442 1.8508104085922241 2
1731587529549 1.776942253112793 2
1731587529649 1.8448549509048462 2
1731587529737 1.8648622035980225 2
1731587529835 1.8669016361236572 2
1731587529932 1.9416805505752563 2
1731587530047 1.9546067714691162 2
1731587530284 1.907090663909912 2
1731587530409 1.88338041305542 2
1731587530602 1.8901103734970093 2
1731587530677 1.9204473495483398 2
1731587530753 1.8614518642425537 2
1731587530845 1.857422113418579 2
1731587531023 1.9142580032348633 2
1731587531171 1.911728024482727 2
1731587531325 1.8944623470306396 2
1731587531509 1.9140516519546509 2
1731587531609 1.8442867994308472 2
1731587531683 1.8750836849212646 2
1731587531787 1.8764581680297852 2
1731587531902 1.82169771194458 2
1731587532023 1.9248172044754028 2
1731587532243 1.8827440738677979 2
1731587532329 1.892209529876709 2
1731587532408 1.8408714532852173 2
1731587532490 1.9914984703063965 2
1731587532571 1.8876619338989258 2
1731587532648 1.8747483491897583 2
1731587532851 1.9061305522918701 2
1731587533004 1.850812554359436 2
1731587533115 1.8746904134750366 2
1731587533227 1.8684329986572266 2
1731587533494 1.9320205450057983 2
1731587533590 1.8976503610610962 2
1731587533684 2.016247034072876 2
1731587533827 1.8823248147964478 2
1731587533919 1.89693284034729 2
1731587534080 1.8271780014038086 2
1731587534160 1.937812089920044 2
1731587534307 1.8786418437957764 2
1731587534420 1.889420986175537 2
1731587534525 1.8980376720428467 2
1731587534620 1.966657280921936 2
1731587534758 1.858217716217041 2
1731587534956 1.8737236261367798 2
1731587535089 1.8513848781585693 2
1731587535209 1.901431918144226 2
1731587535290 1.9298635721206665 2
1731587535412 1.8976389169692993 2
1731587535554 1.8643054962158203 2
1731587535696 1.8983728885650635 2
1731587535794 1.890163540840149 2
1731587535921 1.8359012603759766 2
1731587536044 1.8084683418273926 2
1731587536168 1.8749209642410278 2
1731587536337 1.8736612796783447 2
1731587536443 1.8677456378936768 2
1731587536668 1.902232050895691 2
1731587536883 1.9440412521362305 2
1731587537001 1.925690770149231 2
1731587537118 1.8676847219467163 2
1731587537220 1.859562873840332 2
1731587537326 1.9402391910552979 2
1731587537434 1.8513685464859009 2
1731587537570 1.8281558752059937 2
1731587537796 1.9696178436279297 2
1731587537967 1.9428114891052246 2
1731587538094 1.944964051246643 2
1731587538378 1.9210256338119507 2
1731587538612 1.8816533088684082 2
1731587538782 1.8415600061416626 2
1731587538929 1.8289672136306763 2
1731587539088 1.8422132730484009 2
1731587539245 1.9139667749404907 2
1731587539568 1.9025373458862305 2
1731587539765 1.9440858364105225 2
1731587539915 1.9530223608016968 2
1731587540055 1.805039882659912 2
1731587540230 1.8071794509887695 2
1731587540368 1.9858617782592773 2
1731587540464 1.970627784729004 2
1731587540603 1.897392988204956 2
1731587540709 1.8774234056472778 2
1731587540883 1.8329153060913086 2
1731587541106 1.900189995765686 2
1731587541298 1.869199275970459 2
1731587541381 1.9013925790786743 2
1731587541488 1.854413628578186 2
1731587541610 1.8422847986221313 2
1731587541748 1.8435423374176025 2
1731587541855 1.8589472770690918 2
1731587541990 1.9409574270248413 2
1731587542112 1.930177092552185 2
1731587542180 1.905470848083496 2
1731587542261 1.8975423574447632 2
1731587542327 1.861388921737671 2
1731587542412 1.8862401247024536 2
1731587542498 1.8801095485687256 2
1731587542596 1.84736967086792 2
1731587542670 1.865993618965149 2
1731587542773 1.8638824224472046 2
1731587542925 1.866446614265442 2
1731587543027 1.9549118280410767 2
1731587543203 1.841367244720459 2
1731587543309 1.9127830266952515 2
1731587543416 1.8659946918487549 2
1731587543513 1.8983434438705444 2
1731587543602 1.9060105085372925 2
1731587543691 1.8323898315429688 2
1731587543802 1.9058105945587158 2
1731587543892 1.8863012790679932 2
1731587543999 1.9292333126068115 2
1731587544221 1.9600250720977783 2
1731587544321 1.8354747295379639 2
1731587544474 1.8511019945144653 2
1731587544579 1.9259848594665527 2
1731587544697 1.8526917695999146 2
1731587544786 1.8596701622009277 2
1731587544895 1.7964524030685425 2
1731587545013 1.8671382665634155 2
1731587545114 1.8677648305892944 2
1731587545245 1.8825993537902832 2
1731587545365 1.7731398344039917 2
1731587545528 1.8977298736572266 2
1731587545643 1.9286555051803589 2
1731587545723 1.9675986766815186 2
1731587545806 1.9317238330841064 2
1731587545903 1.8576037883758545 2
1731587546010 1.8977036476135254 2
1731587546118 1.8116841316223145 2
1731587546213 1.8373051881790161 2
1731587546311 1.9047205448150635 2
1731587546429 1.7842110395431519 2
1731587546518 1.8640512228012085 2
1731587546612 1.85434889793396 2
1731587546711 1.92055344581604 2
1731587546932 1.804463505744934 2
1731587547088 1.943303108215332 2
1731587547222 1.9105486869812012 2
1731587547406 1.9127757549285889 2
1731587547495 1.8900636434555054 2
1731587547614 1.874841570854187 2
1731587547713 1.8873428106307983 2
1731587547842 1.8666712045669556 2
1731587547942 1.8746583461761475 2
1731587548061 1.843095064163208 2
1731587548293 1.886905550956726 2
1731587548452 1.8751869201660156 2
1731587548689 1.8071253299713135 2
1731587548889 1.971178650856018 2
1731587549020 1.8807978630065918 2
1731587549114 1.8365132808685303 2
1731587549363 1.853225588798523 2
1731587549524 1.870962142944336 2
1731587549626 1.8906532526016235 2
1731587549698 1.9467302560806274 2
1731587549803 1.9071154594421387 2
1731587549958 1.8356468677520752 2
1731587550105 1.9305753707885742 2
1731587550261 1.8904937505722046 2
1731587550480 1.930598258972168 2
1731587550620 1.970151424407959 2
1731587550729 1.8653651475906372 2
1731587550847 1.835402011871338 2
1731587550944 1.8972258567810059 2
1731587551061 1.8116518259048462 2
1731587551177 1.8687857389450073 2
1731587551306 1.976287841796875 2
1731587551425 1.7777159214019775 2
1731587551577 1.8122079372406006 2
1731587551687 1.931095838546753 2
1731587551881 1.8144478797912598 2
1731587551954 1.889472246170044 2
1731587552040 1.8524078130722046 2
1731587552186 1.8745434284210205 2
1731587552332 1.881117343902588 2
1731587552448 1.9150142669677734 2
1731587552563 1.856932520866394 2
1731587552690 1.8583365678787231 2
1731587552820 1.7913875579833984 2
1731587553016 1.8364557027816772 2
1731587553178 1.879791498184204 2
1731587553290 1.833381175994873 2
1731587553379 1.8816863298416138 2
1731587553456 1.8115077018737793 2
1731587553573 1.8037701845169067 2
1731587553658 1.8720173835754395 2
1731587553795 1.843515396118164 2
1731587553921 1.8712860345840454 2
1731587554029 1.8040618896484375 2
1731587554187 1.8734537363052368 2
1731587554287 1.8651782274246216 2
1731587554404 1.8726778030395508 2
1731587554527 1.8342331647872925 2
1731587554639 1.7804534435272217 2
1731587554770 1.8073481321334839 2
1731587554875 1.765320062637329 2
1731587555002 1.7409014701843262 2
1731587555114 1.8897477388381958 2
1731587555208 1.8418173789978027 2
1731587555325 1.8336944580078125 2
1731587555454 1.8343216180801392 2
1731587555554 1.7777100801467896 2
1731587555710 1.8330211639404297 2
1731587555829 1.9033206701278687 2
1731587556044 1.7854112386703491 2
1731587556177 1.7995024919509888 2
1731587556272 1.843013882637024 2
1731587556386 1.7536194324493408 2
1731587556484 1.8137274980545044 2
1731587556603 1.8341670036315918 2
1731587556715 1.7500215768814087 2
1731587556825 1.8457050323486328 2
1731587557016 1.8588389158248901 2
1731587557126 1.8196169137954712 2
1731587557301 1.8042678833007812 2
1731587557413 1.8982689380645752 2
1731587557549 1.7677927017211914 2
1731587557643 1.7965686321258545 2
1731587557778 1.8143925666809082 2
1731587557893 1.8329204320907593 2
1731587557971 1.8028461933135986 2
1731587558112 1.8119527101516724 2
1731587558245 1.8326642513275146 2
1731587558340 1.7704474925994873 2
1731587558448 1.8163909912109375 2
1731587558572 1.811715841293335 2
1731587558680 1.781162977218628 2
1731587558778 1.8246601819992065 2
1731587558872 1.8167250156402588 2
1731587559042 1.779692530632019 2
1731587559171 1.8118144273757935 2
1731587559296 1.8001298904418945 2
1731587559432 1.7643928527832031 2
1731587559544 1.7813365459442139 2
1731587559667 1.8289265632629395 2
1731587559761 1.7552976608276367 2
1731587559841 1.7905994653701782 2
1731587559920 1.8307011127471924 2
1731587560036 1.781169056892395 2
1731587560178 1.7747975587844849 2
1731587560290 1.83488130569458 2
1731587560430 1.7718024253845215 2
1731587560579 1.8211581707000732 2
1731587560698 1.7721984386444092 2
1731587560791 1.762382984161377 2
1731587560864 1.8356950283050537 2
1731587560941 1.8372652530670166 2
1731587561053 1.7906060218811035 2
1731587561163 1.9023007154464722 2
1731587561265 1.7942003011703491 2
1731587561352 1.7807878255844116 2
1731587561436 1.76315176486969 2
1731587561526 1.7922399044036865 2
1731587561630 1.7615357637405396 2
1731587561778 1.8496136665344238 2
1731587561894 1.7971926927566528 2
1731587562022 1.7499812841415405 2
1731587562106 1.7417645454406738 2
1731587562225 1.750401496887207 2
1731587562347 1.7838170528411865 2
1731587562436 1.7490413188934326 2
1731587562571 1.7857524156570435 2
1731587562751 1.7418770790100098 2
1731587562978 1.8316864967346191 2
1731587563152 1.7937085628509521 2
1731587563224 1.794231653213501 2
1731587563321 1.7398040294647217 2
1731587563403 1.80649733543396 2
1731587563546 1.7814332246780396 2
1731587563703 1.8292092084884644 2
1731587563746 1.7685508728027344 2
1731587563847 1.8301018476486206 2
1731587564053 1.7738428115844727 2
1731587567880 1.773142695426941 3
1731587568153 1.8814061880111694 3
1731587568327 1.8219046592712402 3
1731587568644 1.8216078281402588 3
1731587568812 1.8495326042175293 3
1731587568913 1.8092020750045776 3
1731587569021 1.757206678390503 3
1731587569124 1.770115613937378 3
1731587569237 1.7957284450531006 3
1731587569379 1.7030909061431885 3
1731587569509 1.7570774555206299 3
1731587569637 1.7884776592254639 3
1731587569726 1.8034327030181885 3
1731587569861 1.837146282196045 3
1731587569960 1.8514678478240967 3
1731587570081 1.7708698511123657 3
1731587570206 1.7387949228286743 3
1731587570321 1.835309624671936 3
1731587570377 1.7729394435882568 3
1731587570582 1.772566318511963 3
1731587570666 1.6717438697814941 3
1731587570747 1.8139374256134033 3
1731587570921 1.7534143924713135 3
1731587571002 1.7879724502563477 3
1731587571120 1.8237868547439575 3
1731587571278 1.78226637840271 3
1731587571393 1.8000586032867432 3
1731587571496 1.8305708169937134 3
1731587571600 1.7651243209838867 3
1731587571704 1.7689059972763062 3
1731587571822 1.7528339624404907 3
1731587571947 1.8258602619171143 3
1731587572081 1.780305027961731 3
1731587572190 1.8164682388305664 3
1731587572387 1.7638559341430664 3
1731587572493 1.7655820846557617 3
1731587572636 1.834721326828003 3
1731587572778 1.8499830961227417 3
1731587572876 1.8662939071655273 3
1731587572965 1.7800065279006958 3
1731587573077 1.7437422275543213 3
1731587573270 1.808703899383545 3
1731587573378 1.7201077938079834 3
1731587573471 1.7556904554367065 3
1731587573594 1.702071189880371 3
1731587573723 1.7901610136032104 3
1731587573904 1.765472173690796 3
1731587574023 1.7490357160568237 3
1731587574156 1.789143681526184 3
1731587574229 1.843168020248413 3
1731587574332 1.7743500471115112 3
1731587574409 1.7905960083007812 3
1731587574500 1.8087196350097656 3
1731587574605 1.7473456859588623 3
1731587574758 1.7240452766418457 3
1731587574873 1.765923261642456 3
1731587574996 1.7498197555541992 3
1731587575069 1.7551908493041992 3
1731587575134 1.757938027381897 3
1731587575202 1.8001322746276855 3
1731587575323 1.8285268545150757 3
1731587575439 1.8903529644012451 3
1731587575546 1.7150746583938599 3
1731587575729 1.8244658708572388 3
1731587575958 1.8198014497756958 3
1731587576093 1.7569397687911987 3
1731587576352 1.7850439548492432 3
1731587576451 1.739894151687622 3
1731587576537 1.7900668382644653 3
1731587576641 1.8202924728393555 3
1731587576734 1.8468279838562012 3
1731587576869 1.7597861289978027 3
1731587576997 1.8056203126907349 3
1731587577096 1.882245659828186 3
1731587577170 1.7997801303863525 3
1731587577260 1.823805570602417 3
1731587577349 1.796373963356018 3
1731587577433 1.8278859853744507 3
1731587577511 1.7799625396728516 3
1731587577601 1.829667568206787 3
1731587577693 1.8267275094985962 3
1731587577806 1.8159395456314087 3
1731587577934 1.9052022695541382 3
1731587578043 1.8218252658843994 3
1731587578145 1.7498451471328735 3
1731587578288 1.7874011993408203 3
1731587578419 1.7724000215530396 3
1731587578575 1.7731707096099854 3
1731587578736 1.782454013824463 3
1731587578960 1.7961019277572632 3
1731587579080 1.7905032634735107 3
1731587579203 1.761855959892273 3
1731587579469 1.8353673219680786 3
1731587579580 1.797330617904663 3
1731587579855 1.7741141319274902 3
1731587579989 1.8431638479232788 3
1731587580115 1.7841848134994507 3
1731587580407 1.7646209001541138 3
1731587580533 1.750224232673645 3
1731587580638 1.7723344564437866 3
1731587580717 1.7680202722549438 3
1731587580828 1.819378137588501 3
1731587581003 1.7803637981414795 3
1731587581111 1.7287681102752686 3
1731587581304 1.6795097589492798 3
1731587581562 1.8127421140670776 3
1731587581662 1.7291585206985474 3
1731587581806 1.8209140300750732 3
1731587581960 1.8152263164520264 3
1731587582130 1.7883212566375732 3
1731587582252 1.8347278833389282 3
1731587582367 1.7442958354949951 3
1731587582545 1.7732948064804077 3
1731587582642 1.8022898435592651 3
1731587582858 1.711888074874878 3
1731587583052 1.7748318910598755 3
1731587583241 1.7017502784729004 3
1731587583340 1.7736626863479614 3
1731587583431 1.7416568994522095 3
1731587583520 1.7958955764770508 3
1731587583609 1.8169012069702148 3
1731587583700 1.7253471612930298 3
1731587583790 1.8001631498336792 3
1731587583888 1.780290126800537 3
1731587584095 1.7884618043899536 3
1731587584280 1.7212928533554077 3
1731587584461 1.765601634979248 3
1731587584570 1.8125650882720947 3
1731587584668 1.7918486595153809 3
1731587584757 1.704093098640442 3
1731587584827 1.7877342700958252 3
1731587584895 1.7170997858047485 3
1731587584959 1.7570217847824097 3
1731587585051 1.8588913679122925 3
1731587585162 1.8231538534164429 3
1731587585359 1.7818410396575928 3
1731587585504 1.7185397148132324 3
1731587585619 1.8516347408294678 3
1731587585711 1.7704344987869263 3
1731587585894 1.7791311740875244 3
1731587586027 1.774083137512207 3
1731587586122 1.8041905164718628 3
1731587586226 1.8271783590316772 3
1731587586316 1.7967133522033691 3
1731587586392 1.7949128150939941 3
1731587586469 1.7810373306274414 3
1731587586554 1.8737082481384277 3
1731587586720 1.8127961158752441 3
1731587586808 1.788467288017273 3
1731587586891 1.788668155670166 3
1731587587059 1.7618192434310913 3
1731587587229 1.7769664525985718 3
1731587587381 1.7728185653686523 3
1731587587551 1.7960342168807983 3
1731587587728 1.767546534538269 3
1731587587845 1.8259422779083252 3
1731587587959 1.8146623373031616 3
1731587588078 1.8663806915283203 3
1731587588201 1.8255319595336914 3
1731587588329 1.7410110235214233 3
1731587588451 1.6919751167297363 3
1731587588540 1.7517688274383545 3
1731587588651 1.8660202026367188 3
1731587588737 1.7655571699142456 3
1731587588820 1.7698423862457275 3
1731587588903 1.7196147441864014 3
1731587588971 1.718382477760315 3
1731587589073 1.7415375709533691 3
1731587589287 1.7337967157363892 3
1731587589411 1.7595903873443604 3
1731587589491 1.8707817792892456 3
1731587589587 1.7802398204803467 3
1731587589757 1.76189124584198 3
1731587589839 1.726379632949829 3
1731587589924 1.812304139137268 3
1731587590010 1.7649227380752563 3
1731587590089 1.700351595878601 3
1731587590179 1.7961143255233765 3
1731587590286 1.7875549793243408 3
1731587590373 1.7492488622665405 3
1731587590500 1.8164727687835693 3
1731587590643 1.7907063961029053 3
1731587590766 1.7902328968048096 3
1731587590965 1.7729023694992065 3
1731587591089 1.7713110446929932 3
1731587591258 1.7955689430236816 3
1731587591446 1.8147658109664917 3
1731587591603 1.762380599975586 3
1731587591721 1.7837084531784058 3
1731587591928 1.824462890625 3
1731587592029 1.7703821659088135 3
1731587592264 1.7679775953292847 3
1731587592396 1.8054178953170776 3
1731587592485 1.7647638320922852 3
1731587592561 1.8331218957901 3
1731587592646 1.7965209484100342 3
1731587592745 1.8547438383102417 3
1731587592835 1.7745192050933838 3
1731587592934 1.7021613121032715 3
1731587593022 1.7647788524627686 3
1731587593136 1.7489571571350098 3
1731587593263 1.7795071601867676 3
1731587593382 1.7258071899414062 3
1731587593561 1.7970161437988281 3
1731587593804 1.8129490613937378 3
1731587593913 1.7905904054641724 3
1731587594092 1.716602087020874 3
1731587594280 1.7971367835998535 3
1731587594419 1.829588532447815 3
1731587594534 1.7441781759262085 3
1731587594639 1.7734284400939941 3
1731587594758 1.7499924898147583 3
1731587594934 1.8233764171600342 3
1731587595117 1.753281831741333 3
1731587595403 1.7809643745422363 3
1731587595522 1.7464861869812012 3
1731587595634 1.73618745803833 3
1731587595768 1.8040345907211304 3
1731587595906 1.796209454536438 3
1731587596027 1.7976309061050415 3
1731587596150 1.788743257522583 3
1731587596259 1.6781142950057983 3
1731587596470 1.7117557525634766 3
1731587596639 1.6873077154159546 3
1731587596859 1.732803463935852 3
1731587597165 1.7792859077453613 3
1731587597442 1.7722578048706055 3
1731587597524 1.77250337600708 3
1731587597618 1.76251220703125 3
1731587597719 1.7865736484527588 3
1731587597813 1.8197832107543945 3
1731587597960 1.7731956243515015 3
1731587598185 1.7568457126617432 3
1731587598344 1.8265459537506104 3
1731587598477 1.7877006530761719 3
1731587598644 1.8153833150863647 3
1731587598774 1.8137105703353882 3
1731587598911 1.7517735958099365 3
1731587599019 1.7916208505630493 3
1731587599152 1.7881587743759155 3
1731587599455 1.8434982299804688 3
1731587599578 1.7732466459274292 3
1731587599694 1.7572081089019775 3
1731587599829 1.8087654113769531 3
1731587599969 1.7029093503952026 3
1731587600110 1.7014646530151367 3
1731587600243 1.7440775632858276 3
1731587600354 1.8105206489562988 3
1731587600534 1.7888485193252563 3
1731587600628 1.7736235857009888 3
1731587600754 1.8522019386291504 3
1731587600905 1.7642772197723389 3
1731587601017 1.8172262907028198 3
1731587601159 1.8302695751190186 3
1731587601264 1.7993123531341553 3
1731587601391 1.7876569032669067 3
1731587601519 1.6866977214813232 3
1731587601650 1.7673673629760742 3
1731587601778 1.788313865661621 3
1731587602011 1.8182423114776611 3
1731587602205 1.7400985956192017 3
1731587602395 1.773091197013855 3
1731587602493 1.7646653652191162 3
1731587602697 1.753291368484497 3
1731587602786 1.7730700969696045 3
1731587602864 1.8297317028045654 3
1731587602950 1.8225984573364258 3
1731587603060 1.7839285135269165 3
1731587603166 1.796163558959961 3
1731587603252 1.8309648036956787 3
1731587603361 1.757577657699585 3
1731587603467 1.781233310699463 3
1731587603567 1.7664599418640137 3
1731587603645 1.819779872894287 3
1731587603741 1.8614999055862427 3
1731587603838 1.8201953172683716 3
1731587603938 1.7911574840545654 3
1731587604158 1.8260101079940796 3
1731587604401 1.8507187366485596 3
1731587604703 1.7520369291305542 3
1731587604810 1.811941385269165 3
1731587604912 1.765939474105835 3
1731587605006 1.8122016191482544 3
1731587605096 1.7254453897476196 3
1731587605201 1.7722969055175781 3
1731587605324 1.7733261585235596 3
1731587605437 1.798335075378418 3
1731587605664 1.7968326807022095 3
1731587605744 1.777655005455017 3
1731587605844 1.8037914037704468 3
1731587605932 1.8812503814697266 3
1731587606034 1.780932903289795 3
1731587606150 1.8135532140731812 3
1731587606240 1.7815062999725342 3
1731587606341 1.7883780002593994 3
1731587606454 1.7897565364837646 3
1731587606549 1.788716197013855 3
1731587606652 1.7771815061569214 3
1731587606804 1.826340913772583 3
1731587606890 1.7577922344207764 3
1731587606994 1.726893663406372 3
1731587607177 1.7699193954467773 3
1731587607361 1.7226314544677734 3
1731587607544 1.7543140649795532 3
1731587607626 1.8222689628601074 3
1731587607720 1.7927296161651611 3
1731587607813 1.7420523166656494 3
1731587607983 1.8209460973739624 3
1731587608277 1.757994532585144 3
1731587608588 1.7423111200332642 3
1731587608706 1.9048031568527222 3
1731587608854 1.7734545469284058 3
1731587609021 1.7664097547531128 3
1731587609274 1.8274368047714233 3
1731587609512 1.763608455657959 3
1731587609679 1.7220512628555298 3
1731587609790 1.7983357906341553 3
1731587609896 1.8282666206359863 3
1731587610009 1.826318383216858 3
1731587610092 1.7338787317276 3
1731587610179 1.734202265739441 3
1731587610330 1.7187093496322632 3
1731587610460 1.8268089294433594 3
1731587610574 1.7730584144592285 3
1731587610712 1.7790275812149048 3
1731587610853 1.8023899793624878 3
1731587611085 1.7595423460006714 3
1731587611235 1.8431494235992432 3
1731587611399 1.759408950805664 3
1731587611652 1.8032779693603516 3
1731587611750 1.7888875007629395 3
1731587611843 1.843902587890625 3
1731587611944 1.7895851135253906 3
1731587612052 1.7756837606430054 3
1731587612167 1.773079752922058 3
1731587612301 1.7375560998916626 3
1731587612405 1.8374394178390503 3
1731587612523 1.802865743637085 3
1731587612812 1.7657945156097412 3
1731587612919 1.7459243535995483 3
1731587613054 1.7959059476852417 3
1731587613357 1.7681069374084473 3
1731587613580 1.7487894296646118 3
1731587613758 1.8145253658294678 3
1731587613930 1.78218674659729 3
1731587614025 1.819001317024231 3
1731587614144 1.783315896987915 3
1731587614367 1.7714956998825073 3
1731587614461 1.7924243211746216 3
1731587614526 1.765714406967163 3
1731587614693 1.835112452507019 3
1731587614817 1.804607629776001 3
1731587614968 1.7510501146316528 3
1731587615082 1.8098024129867554 3
1731587615191 1.8073991537094116 3
1731587615311 1.8354052305221558 3
1731587615461 1.8092910051345825 3
1731587615680 1.7833940982818604 3
1731587615986 1.765443205833435 3
1731587616069 1.8036543130874634 3
1731587616168 1.679803729057312 3
1731587616269 1.8274719715118408 3
1731587616384 1.828583836555481 3
1731587616533 1.7666220664978027 3
1731587616637 1.781076431274414 3
1731587616779 1.8206851482391357 3
1731587616976 1.6870568990707397 3
1731587617129 1.74929940700531 3
1731587617262 1.8113399744033813 3
1731587617383 1.785664439201355 3
1731587617512 1.7344039678573608 3
1731587617643 1.8395915031433105 3
1731587617766 1.7976051568984985 3
1731587618046 1.7339544296264648 3
1731587618250 1.7558040618896484 3
1731587618428 1.7802989482879639 3
1731587618540 1.8033301830291748 3
1731587618661 1.8276985883712769 3
1731587618767 1.7788313627243042 3
1731587618902 1.7890214920043945 3
1731587619012 1.796872615814209 3
1731587619101 1.769163727760315 3
1731587619200 1.775666356086731 3
1731587619324 1.7427282333374023 3
1731587619441 1.87323796749115 3
1731587619559 1.7584489583969116 3
1731587619711 1.8665192127227783 3
1731587619852 1.8134976625442505 3
1731587619983 1.7741791009902954 3
1731587620102 1.7803345918655396 3
1731587620222 1.8596335649490356 3
1731587620340 1.7900043725967407 3
1731587620503 1.735151767730713 3
1731587620741 1.851100206375122 3
1731587620880 1.7957111597061157 3
1731587620979 1.796340823173523 3
1731587621085 1.781036376953125 3
1731587621200 1.7925596237182617 3
1731587621296 1.776389718055725 3
1731587621445 1.7965595722198486 3
1731587621696 1.710469126701355 3
1731587621770 1.7646287679672241 3
1731587621880 1.734694242477417 3
1731587621978 1.734053134918213 3
1731587622092 1.8592716455459595 3
1731587622220 1.8044583797454834 3
1731587622325 1.7485017776489258 3
1731587622522 1.8826415538787842 3
1731587622705 1.759098768234253 3
1731587622919 1.7239991426467896 3
1731587623022 1.8203727006912231 3
1731587623134 1.7654350996017456 3
1731587623247 1.8324881792068481 3
1731587623420 1.8059611320495605 3
1731587623533 1.7841224670410156 3
1731587623628 1.825103998184204 3
1731587623769 1.7890548706054688 3
1731587624047 1.8124247789382935 3
1731587624198 1.7966352701187134 3
1731587624306 1.772240161895752 3
1731587624413 1.904801845550537 3
1731587624501 1.8079774379730225 3
1731587624702 1.80618417263031 3
1731587624826 1.7495906352996826 3
1731587624945 1.6858733892440796 3
1731587625055 1.756746768951416 3
1731587625130 1.8187423944473267 3
1731587625245 1.7216711044311523 3
1731587625368 1.732727289199829 3
1731587625475 1.6983404159545898 3
1731587625555 1.7357041835784912 3
1731587625640 1.7110604047775269 3
1731587625799 1.687347650527954 3
1731587625884 1.726158857345581 3
1731587625975 1.7889713048934937 3
1731587626061 1.7906408309936523 3
1731587626137 1.7652931213378906 3
1731587626217 1.7358704805374146 3
1731587626345 1.813080906867981 3
1731587626457 1.7575159072875977 3
1731587626602 1.750436782836914 3
1731587626724 1.794769525527954 3
1731587626834 1.7624003887176514 3
1731587626918 1.7491484880447388 3
1731587626985 1.7838146686553955 3
1731587627067 1.737380027770996 3
1731587627187 1.8116374015808105 3
1731587627284 1.731867790222168 3
1731587627418 1.7650253772735596 3
1731587627557 1.8434112071990967 3
1731587627685 1.727760672569275 3
1731587627770 1.7778736352920532 3
1731587627866 1.8804527521133423 3
1731587628028 1.8749608993530273 3
1731587628343 1.850759506225586 3
1731587628490 1.866483211517334 3
1731587628732 1.7766033411026 3
1731587628816 1.7488667964935303 3
1731587628917 1.8124951124191284 3
1731587628989 1.7576930522918701 3
1731587629085 1.7565011978149414 3
1731587629259 1.812340259552002 3
1731587629407 1.714341640472412 3
1731587629520 1.773283839225769 3
1731587629707 1.7813355922698975 3
1731587629819 1.8139421939849854 3
1731587629890 1.7885675430297852 3
1731587629976 1.8266849517822266 3
1731587630054 1.7314428091049194 3
1731587633857 1.7664012908935547 4
1731587634050 1.7811981439590454 4
1731587634219 1.7699378728866577 4
1731587634340 1.7600431442260742 4
1731587634435 1.7999922037124634 4
1731587634599 1.7762073278427124 4
1731587634720 1.762564778327942 4
1731587634919 1.8195956945419312 4
1731587635028 1.7359005212783813 4
1731587635251 1.7669011354446411 4
1731587635422 1.7963064908981323 4
1731587635575 1.7805930376052856 4
1731587635857 1.7574855089187622 4
1731587636098 1.7871415615081787 4
1731587636288 1.7983171939849854 4
1731587636409 1.6954264640808105 4
1731587636625 1.7625340223312378 4
1731587636739 1.8352582454681396 4
1731587636857 1.7025847434997559 4
1731587637035 1.7858846187591553 4
1731587637151 1.7903330326080322 4
1731587637260 1.7650063037872314 4
1731587637567 1.9132628440856934 4
1731587637684 1.749415397644043 4
1731587637788 1.7647454738616943 4
1731587637890 1.8817564249038696 4
1731587637986 1.7890551090240479 4
1731587638087 1.7746449708938599 4
1731587638227 1.7727102041244507 4
1731587638335 1.7100805044174194 4
1731587638517 1.797216534614563 4
1731587638641 1.8781476020812988 4
1731587638735 1.8283147811889648 4
1731587638930 1.741843342781067 4
1731587638995 1.7895082235336304 4
1731587639109 1.7499583959579468 4
1731587639321 1.8168065547943115 4
1731587639503 1.8349745273590088 4
1731587639654 1.832479476928711 4
1731587639736 1.7568320035934448 4
1731587639840 1.7262059450149536 4
1731587639923 1.8446431159973145 4
1731587640175 1.8361109495162964 4
1731587640427 1.7330906391143799 4
1731587640576 1.8281961679458618 4
1731587640662 1.710564136505127 4
1731587640777 1.7736138105392456 4
1731587640906 1.7984790802001953 4
1731587641097 1.7552610635757446 4
1731587641209 1.804835319519043 4
1731587641292 1.7488632202148438 4
1731587641400 1.7727235555648804 4
1731587641483 1.7577993869781494 4
1731587641607 1.8056093454360962 4
1731587641708 1.8048845529556274 4
1731587641802 1.7417733669281006 4
1731587641890 1.795362949371338 4
1731587641984 1.7884321212768555 4
1731587642075 1.7883703708648682 4
1731587642153 1.7182424068450928 4
1731587642230 1.8442448377609253 4
1731587642291 1.733709454536438 4
1731587642382 1.7566078901290894 4
1731587642464 1.798290491104126 4
1731587642548 1.8591879606246948 4
1731587642643 1.7621424198150635 4
1731587642722 1.7884736061096191 4
1731587642911 1.7576220035552979 4
1731587643030 1.7886922359466553 4
1731587643153 1.780978798866272 4
1731587643399 1.742201566696167 4
1731587643504 1.741029977798462 4
1731587643586 1.7647511959075928 4
1731587643695 1.8124303817749023 4
1731587643819 1.751829743385315 4
1731587644019 1.8112066984176636 4
1731587644099 1.7032495737075806 4
1731587644183 1.748833179473877 4
1731587644266 1.8195419311523438 4
1731587644353 1.7894542217254639 4
1731587644433 1.8588593006134033 4
1731587644509 1.7873905897140503 4
1731587644591 1.6949125528335571 4
1731587644676 1.8192408084869385 4
1731587644771 1.771199345588684 4
1731587644871 1.7571241855621338 4
1731587644995 1.8093620538711548 4
1731587645105 1.8359256982803345 4
1731587645313 1.7881957292556763 4
1731587645553 1.7343018054962158 4
1731587645661 1.7576278448104858 4
1731587645842 1.7650619745254517 4
1731587645997 1.7819684743881226 4
1731587646176 1.8043519258499146 4
1731587646277 1.7965469360351562 4
1731587646402 1.7657012939453125 4
1731587646516 1.7577157020568848 4
1731587646628 1.7342969179153442 4
1731587646745 1.7400051355361938 4
1731587646934 1.8014463186264038 4
1731587647012 1.793864369392395 4
1731587647171 1.8199716806411743 4
1731587647314 1.7753095626831055 4
1731587647423 1.7663209438323975 4
1731587647539 1.812448263168335 4
1731587647644 1.7222408056259155 4
1731587647927 1.765083909034729 4
1731587648041 1.7642346620559692 4
1731587648155 1.8790998458862305 4
1731587648290 1.8123897314071655 4
1731587648475 1.7962573766708374 4
1731587648750 1.8822659254074097 4
1731587648895 1.8197427988052368 4
1731587649027 1.7501885890960693 4
1731587649158 1.8281238079071045 4
1731587649307 1.835837960243225 4
1731587649516 1.8043503761291504 4
1731587649650 1.8104301691055298 4
1731587649754 1.7886804342269897 4
1731587649886 1.6949743032455444 4
1731587649983 1.765085220336914 4
1731587650068 1.6923872232437134 4
1731587650160 1.7418346405029297 4
1731587650266 1.7183235883712769 4
1731587650402 1.845056176185608 4
1731587650562 1.7948414087295532 4
1731587650718 1.7342909574508667 4
1731587650803 1.8162312507629395 4
1731587650875 1.8041352033615112 4
1731587650988 1.7806826829910278 4
1731587651095 1.7843824625015259 4
1731587651233 1.8038737773895264 4
1731587651506 1.7314502000808716 4
1731587651625 1.7730934619903564 4
1731587651726 1.765012264251709 4
1731587651902 1.7344297170639038 4
1731587652006 1.8253313302993774 4
1731587652122 1.7287397384643555 4
1731587652226 1.7904613018035889 4
1731587652343 1.8125264644622803 4
1731587652456 1.7609291076660156 4
1731587652533 1.757793664932251 4
1731587652634 1.7579222917556763 4
1731587652809 1.7971826791763306 4
1731587652984 1.836020588874817 4
1731587653086 1.8902531862258911 4
1731587653191 1.6716948747634888 4
1731587653383 1.7538872957229614 4
1731587653496 1.7502634525299072 4
1731587653727 1.8435461521148682 4
1731587653870 1.7178328037261963 4
1731587654039 1.8336987495422363 4
1731587654202 1.7367277145385742 4
1731587654362 1.7800941467285156 4
1731587654575 1.789049506187439 4
1731587654698 1.8105275630950928 4
1731587654825 1.827924370765686 4
1731587654933 1.7842583656311035 4
1731587655054 1.7727391719818115 4
1731587655188 1.820608139038086 4
1731587655385 1.7282334566116333 4
1731587655495 1.7501771450042725 4
1731587655582 1.7121343612670898 4
1731587655657 1.812535285949707 4
1731587655755 1.7248668670654297 4
1731587655939 1.7496013641357422 4
1731587656048 1.8155251741409302 4
1731587656165 1.742066740989685 4
1731587656280 1.819843053817749 4
1731587656389 1.8047850131988525 4
1731587656495 1.811213493347168 4
1731587656645 1.7985111474990845 4
1731587656795 1.8419429063796997 4
1731587656900 1.7002112865447998 4
1731587657064 1.7737257480621338 4
1731587657281 1.8045941591262817 4
1731587657412 1.6874016523361206 4
1731587657540 1.7595363855361938 4
1731587657636 1.7890070676803589 4
1731587657733 1.7356641292572021 4
1731587657834 1.7889395952224731 4
1731587657907 1.7249979972839355 4
1731587658033 1.7611361742019653 4
1731587658193 1.805435299873352 4
1731587658284 1.7372692823410034 4
1731587658411 1.8311305046081543 4
1731587658717 1.7332353591918945 4
1731587658851 1.88251793384552 4
1731587658977 1.7820535898208618 4
1731587659069 1.7800692319869995 4
1731587659157 1.7814929485321045 4
1731587659236 1.7563245296478271 4
1731587659368 1.7654002904891968 4
1731587659453 1.844969630241394 4
1731587659544 1.7304102182388306 4
1731587659684 1.7820491790771484 4
1731587659800 1.796807050704956 4
1731587659912 1.7338354587554932 4
1731587659993 1.819908857345581 4
1731587660067 1.851370930671692 4
1731587660148 1.757625937461853 4
1731587660316 1.813870906829834 4
1731587660439 1.7889535427093506 4
1731587660690 1.7640784978866577 4
1731587660831 1.7656729221343994 4
1731587660909 1.7645372152328491 4
1731587660993 1.7511513233184814 4
1731587661101 1.6866135597229004 4
1731587661217 1.7335634231567383 4
1731587661433 1.7771360874176025 4
1731587661554 1.8235666751861572 4
1731587661669 1.803668737411499 4
1731587661778 1.8719587326049805 4
1731587661937 1.8330289125442505 4
1731587662019 1.817958116531372 4
1731587662105 1.8082832098007202 4
1731587662205 1.789546012878418 4
1731587662371 1.769998550415039 4
1731587662552 1.731656551361084 4
1731587662703 1.7886964082717896 4
1731587662861 1.8111634254455566 4
1731587662951 1.7757102251052856 4
1731587663020 1.8117830753326416 4
1731587663105 1.8280823230743408 4
1731587663199 1.8275139331817627 4
1731587663271 1.7027777433395386 4
1731587663363 1.7678475379943848 4
1731587663543 1.8032996654510498 4
1731587663691 1.761531949043274 4
1731587663823 1.7411389350891113 4
1731587663919 1.7612272500991821 4
1731587664045 1.6720867156982422 4
1731587664140 1.7655810117721558 4
1731587664268 1.8819948434829712 4
1731587664405 1.7820169925689697 4
1731587664534 1.7733670473098755 4
1731587664671 1.7401199340820312 4
1731587664787 1.8626874685287476 4
1731587664941 1.812370777130127 4
1731587665054 1.7658802270889282 4
1731587665137 1.7307645082473755 4
1731587665215 1.8256713151931763 4
1731587665311 1.7960153818130493 4
1731587665414 1.8224188089370728 4
1731587665543 1.7778937816619873 4
1731587665663 1.783496618270874 4
1731587665843 1.7812178134918213 4
1731587665907 1.8041932582855225 4
1731587666107 1.780894160270691 4
1731587666307 1.7741241455078125 4
1731587666435 1.810207486152649 4
1731587666550 1.771120309829712 4
1731587666640 1.7813971042633057 4
1731587666767 1.7886059284210205 4
1731587666950 1.8018685579299927 4
1731587667146 1.8040540218353271 4
1731587667436 1.7865923643112183 4
1731587667522 1.7338366508483887 4
1731587667619 1.859861135482788 4
1731587667724 1.788418173789978 4
1731587667827 1.7501721382141113 4
1731587667915 1.7827739715576172 4
1731587668006 1.8060842752456665 4
1731587668340 1.781632423400879 4
1731587668551 1.8053737878799438 4
1731587668911 1.7430744171142578 4
1731587669219 1.7274210453033447 4
1731587669464 1.7051104307174683 4
1731587669676 1.7967350482940674 4
1731587669755 1.7976608276367188 4
1731587669834 1.7472842931747437 4
1731587669918 1.788641333580017 4
1731587670036 1.7575370073318481 4
1731587670182 1.8675811290740967 4
1731587670386 1.7593252658843994 4
1731587670584 1.796675205230713 4
1731587670673 1.7501691579818726 4
1731587670786 1.7812168598175049 4
1731587670910 1.7346782684326172 4
1731587671043 1.7883996963500977 4
1731587671170 1.7563365697860718 4
1731587671284 1.7575212717056274 4
1731587671426 1.8198951482772827 4
1731587671609 1.8596261739730835 4
1731587671766 1.8064736127853394 4
1731587671971 1.773767113685608 4
1731587672068 1.765751838684082 4
1731587672192 1.7926923036575317 4
1731587672316 1.8190807104110718 4
1731587672493 1.7886465787887573 4
1731587672634 1.757834553718567 4
1731587672735 1.7810406684875488 4
1731587672876 1.7693078517913818 4
1731587673009 1.7586499452590942 4
1731587673120 1.8040215969085693 4
1731587673238 1.8093620538711548 4
1731587673377 1.757843255996704 4
1731587673528 1.7316405773162842 4
1731587673667 1.717949390411377 4
1731587673844 1.757995367050171 4
1731587674005 1.7887632846832275 4
1731587674095 1.7573963403701782 4
1731587674175 1.802701711654663 4
1731587674287 1.7706308364868164 4
1731587674461 1.7509218454360962 4
1731587674559 1.7874903678894043 4
1731587674669 1.820099115371704 4
1731587674784 1.7973101139068604 4
1731587674984 1.726354718208313 4
1731587675091 1.7503591775894165 4
1731587675218 1.7811199426651 4
1731587675306 1.7334522008895874 4
1731587675442 1.7243151664733887 4
1731587675586 1.7916206121444702 4
1731587675765 1.7397557497024536 4
1731587675842 1.7264961004257202 4
1731587675932 1.8052492141723633 4
1731587676058 1.6948145627975464 4
1731587676136 1.8043919801712036 4
1731587676226 1.7503600120544434 4
1731587676345 1.7351000308990479 4
1731587676457 1.8102258443832397 4
1731587676599 1.8277206420898438 4
1731587676674 1.819387674331665 4
1731587676774 1.804222822189331 4
1731587676882 1.7858113050460815 4
1731587677075 1.8172378540039062 4
1731587677226 1.848249912261963 4
1731587677314 1.7529957294464111 4
1731587677407 1.716911792755127 4
1731587677493 1.8195438385009766 4
1731587677603 1.835791826248169 4
1731587677697 1.7592583894729614 4
1731587677816 1.8281607627868652 4
1731587677917 1.810596227645874 4
1731587678068 1.7547321319580078 4
1731587678200 1.8078304529190063 4
1731587678323 1.7344412803649902 4
1731587678436 1.7411024570465088 4
1731587678533 1.8506196737289429 4
1731587678690 1.8281402587890625 4
1731587678855 1.7729222774505615 4
1731587678923 1.764952540397644 4
1731587679025 1.7494096755981445 4
1731587679251 1.7654300928115845 4
1731587679391 1.7428593635559082 4
1731587679473 1.7344647645950317 4
1731587679572 1.8046578168869019 4
1731587679664 1.748276948928833 4
1731587679766 1.7741684913635254 4
1731587679881 1.8245861530303955 4
1731587679999 1.8118361234664917 4
1731587680104 1.8307652473449707 4
1731587680191 1.8587168455123901 4
1731587680342 1.7925809621810913 4
1731587680433 1.8884587287902832 4
1731587680538 1.7886292934417725 4
1731587680648 1.7411456108093262 4
1731587680761 1.7730598449707031 4
1731587680872 1.7653926610946655 4
1731587680994 1.8117427825927734 4
1731587681093 1.837694525718689 4
1731587681211 1.7511316537857056 4
1731587681339 1.8302736282348633 4
1731587681447 1.773406744003296 4
1731587681539 1.7416142225265503 4
1731587681670 1.765359878540039 4
1731587681787 1.8119544982910156 4
1731587681900 1.7419826984405518 4
1731587682014 1.7584370374679565 4
1731587682133 1.7866514921188354 4
1731587682231 1.7967815399169922 4
1731587682336 1.7264825105667114 4
1731587682443 1.885866641998291 4
1731587682576 1.7764644622802734 4
1731587682682 1.773247480392456 4
1731587682828 1.73908531665802 4
1731587683004 1.7518151998519897 4
1731587683105 1.768157720565796 4
1731587683184 1.7358477115631104 4
1731587683301 1.7571451663970947 4
1731587683438 1.7425047159194946 4
1731587683532 1.7885832786560059 4
1731587683658 1.821890950202942 4
1731587683893 1.7500602006912231 4
1731587683985 1.7545106410980225 4
1731587684089 1.8114354610443115 4
1731587684268 1.8514375686645508 4
1731587684519 1.7495107650756836 4
1731587684649 1.812503457069397 4
1731587684776 1.7445802688598633 4
1731587684899 1.7957781553268433 4
1731587685002 1.8123067617416382 4
1731587685155 1.7497845888137817 4
1731587685337 1.7246108055114746 4
1731587685614 1.7424888610839844 4
1731587685718 1.8033819198608398 4
1731587685785 1.7800168991088867 4
1731587685888 1.842029094696045 4
1731587686005 1.7095346450805664 4
1731587686091 1.8197333812713623 4
1731587686192 1.7043941020965576 4
1731587686285 1.7417980432510376 4
1731587686403 1.8427258729934692 4
1731587686531 1.7810325622558594 4
1731587686633 1.8036686182022095 4
1731587686756 1.7552950382232666 4
1731587686876 1.749751329421997 4
1731587687048 1.7806918621063232 4
1731587687158 1.8066082000732422 4
1731587687377 1.7926477193832397 4
1731587687515 1.7579221725463867 4
1731587687626 1.7574217319488525 4
1731587687751 1.7735161781311035 4
1731587687856 1.82804274559021 4
1731587688149 1.7573168277740479 4
1731587688290 1.858407735824585 4
1731587688424 1.8665916919708252 4
1731587688553 1.804067611694336 4
1731587688864 1.7189874649047852 4
1731587688956 1.7268526554107666 4
1731587689057 1.718114972114563 4
1731587689290 1.835781455039978 4
1731587689405 1.8039028644561768 4
1731587689525 1.7803552150726318 4
1731587689694 1.8513758182525635 4
1731587689907 1.7771337032318115 4
1731587690092 1.8118008375167847 4
1731587690225 1.8100053071975708 4
1731587690399 1.78874671459198 4
1731587690525 1.7758476734161377 4
1731587690657 1.7660045623779297 4
1731587690750 1.769944190979004 4
1731587690859 1.7968579530715942 4
1731587690982 1.76399827003479 4
1731587691175 1.75747811794281 4
1731587691286 1.7747557163238525 4
1731587691467 1.7340704202651978 4
1731587691582 1.7767243385314941 4
1731587691697 1.7575924396514893 4
1731587691783 1.7652398347854614 4
1731587691904 1.7807601690292358 4
1731587692026 1.7964600324630737 4
1731587692138 1.7106435298919678 4
1731587692260 1.7768059968948364 4
1731587692427 1.7497903108596802 4
1731587692550 1.798799753189087 4
1731587692675 1.7796099185943604 4
1731587692803 1.733626365661621 4
1731587692946 1.8265801668167114 4
1731587693174 1.804523229598999 4
1731587693435 1.7495299577713013 4
1731587693557 1.7024264335632324 4
1731587693683 1.8241386413574219 4
1731587693842 1.7730728387832642 4
1731587693966 1.7038905620574951 4
1731587694075 1.6948333978652954 4
1731587694276 1.7182563543319702 4
1731587694407 1.7865056991577148 4
1731587694486 1.7421015501022339 4
1731587694588 1.7291353940963745 4
1731587694657 1.7189258337020874 4
1731587694723 1.774662733078003 4
1731587694795 1.7970691919326782 4
1731587694868 1.7415728569030762 4
1731587694954 1.8040400743484497 4
1731587695044 1.7810580730438232 4
1731587695129 1.7729358673095703 4
1731587695258 1.8352047204971313 4
